-0.044550,-0.034554,0.065849,0.208943,0.320703,0.578604,0.727566,0.981952,0.977406,0.896096,0.885844,0.763330,0.683972,0.746136,0.721603,0.701584,0.643707,0.564369,0.485588,0.415576,0.353641,0.317725,0.298084,0.197952,0.199225,0.193987,0.128606,0.155010,0.178318,0.136066,0.150846,0.107880,0.123119,0.074332,0.070497,0.052719,-0.022557,-0.042765,-0.114815,-0.144217,-0.175997,-0.254222,-0.266315,-0.284063,-0.357532,-0.373367,-0.456480,-0.472546,-0.493328,-0.557096,-0.557670,-0.542189,-0.515172,-0.550063,-0.514166,-0.481149,-0.526774,-0.533505,-0.553341,-0.572017,-0.682588,-0.724013,-0.749169,-0.768473,-0.770826,-0.770425,-0.776373,-0.843243,-0.850749,-0.879622,-0.927059,-0.985074,-1.034074,-1.066842,-1.188554,-1.223310,-1.245465,-1.260160,-1.290253,-1.333374,-1.384861,-1.411009,-1.416859,-1.425752,-1.506566,-1.639815,-1.827293,-1.758094,-1.596730,-1.434224,-1.314765,-1.224557,-1.130707,-1.040943,-0.968047,-0.904625,-0.872283,-0.851481,-0.838644,-0.825006,-0.832057,-0.838965,-0.841120,-0.846520,-0.851690,-0.862062,-0.873889,-0.851872,-0.900170,-0.960604,-1.037288,-1.131689,-1.233981
-0.308285,-0.253727,-0.259007,-0.163630,-0.011989,0.053246,0.262091,0.289910,0.464441,0.439827,0.500241,0.428431,0.362273,0.303538,0.378571,0.341880,0.261614,0.167882,0.099206,0.048015,0.013778,-0.005830,-0.005469,-0.091162,-0.077200,-0.068605,-0.117519,-0.071386,-0.028942,-0.057566,-0.031153,-0.065666,-0.044565,-0.034590,-0.090847,-0.107604,-0.130251,-0.206453,-0.225157,-0.255384,-0.288757,-0.368237,-0.380560,-0.398929,-0.415299,-0.489213,-0.515535,-0.532836,-0.555414,-0.620227,-0.622454,-0.608071,-0.581937,-0.550063,-0.514166,-0.550420,-0.526774,-0.533505,-0.553341,-0.572017,-0.600456,-0.724013,-0.749169,-0.768473,-0.770826,-0.770425,-0.776373,-0.771104,-0.780171,-0.809404,-0.855894,-0.912032,-1.034074,-1.066842,-1.110582,-1.143341,-1.162806,-1.175154,-1.200937,-1.238133,-1.283195,-1.302919,-1.303142,-1.425752,-1.506566,-1.639815,-1.676378,-1.612080,-1.463819,-1.315904,-1.208085,-1.127329,-1.042724,-0.960536,-0.893659,-0.834821,-0.805669,-0.787512,-0.776335,-0.764739,-0.773583,-0.781480,-0.784226,-0.732831,-0.738234,-0.746913,-0.756525,-0.790550,-0.835435,-0.821766,-0.886484,-0.968124,-1.058037
-0.572020,-0.545956,-0.502650,-0.536203,-0.455578,-0.340773,-0.358541,-0.229122,-0.048524,-0.016442,0.114639,0.093531,0.040575,0.082239,0.035539,-0.017823,-0.120480,-0.228605,-0.287175,-0.319546,-0.326084,-0.329384,-0.309022,-0.380275,-0.353625,-0.331197,-0.281603,-0.297783,-0.236201,-0.251198,-0.213152,-0.181364,-0.212249,-0.197974,-0.198410,-0.214486,-0.291790,-0.315579,-0.335499,-0.366551,-0.401517,-0.482251,-0.494805,-0.513796,-0.530833,-0.547136,-0.574590,-0.593127,-0.617499,-0.620227,-0.687239,-0.673953,-0.648702,-0.618131,-0.582845,-0.550420,-0.526774,-0.533505,-0.553341,-0.572017,-0.600456,-0.640037,-0.665044,-0.685577,-0.690145,-0.692220,-0.701175,-0.698966,-0.709593,-0.739186,-0.784730,-0.838991,-0.884179,-0.915313,-1.032609,-1.063372,-1.080148,-1.090147,-1.111621,-1.142892,-1.181528,-1.194829,-1.189424,-1.186510,-1.247297,-1.352265,-1.525464,-1.466065,-1.330907,-1.197585,-1.101404,-1.030100,-0.954740,-0.880129,-0.819271,-0.765016,-0.739055,-0.659574,-0.651717,-0.644205,-0.656637,-0.666511,-0.670436,-0.619143,-0.624777,-0.631764,-0.639160,-0.606586,-0.641229,-0.682929,-0.735680,-0.804560,-0.794122
-0.769821,-0.765129,-0.746293,-0.815632,-0.788270,-0.734791,-0.668857,-0.748154,-0.561488,-0.472711,-0.270964,-0.241369,-0.173891,-0.249709,-0.307493,-0.377527,-0.375209,-0.492929,-0.544763,-0.564587,-0.552659,-0.545088,-0.612575,-0.573018,-0.537908,-0.593789,-0.527728,-0.448713,-0.443461,-0.380286,-0.334485,-0.354911,-0.324038,-0.306897,-0.305973,-0.374809,-0.399484,-0.424704,-0.445840,-0.477718,-0.514277,-0.539259,-0.551928,-0.571230,-0.588600,-0.605059,-0.633645,-0.653417,-0.679585,-0.683359,-0.687239,-0.673953,-0.648702,-0.618131,-0.582845,-0.550420,-0.526774,-0.533505,-0.553341,-0.572017,-0.600456,-0.640037,-0.665044,-0.685577,-0.690145,-0.692220,-0.701175,-0.626827,-0.639015,-0.668968,-0.713566,-0.765949,-0.809231,-0.839549,-0.876664,-0.903434,-0.914830,-0.920135,-0.932989,-0.952410,-1.079862,-1.086740,-1.075707,-1.066889,-1.117662,-1.208489,-1.223634,-1.174036,-1.065085,-0.960946,-0.888043,-0.835642,-0.778773,-0.719315,-0.670495,-0.625408,-0.605827,-0.595604,-0.527100,-0.523671,-0.539691,-0.551542,-0.499752,-0.505454,-0.511321,-0.516615,-0.463114,-0.483943,-0.511759,-0.474673,-0.509474,-0.559213,-0.618179
-0.901689,-0.911244,-0.989935,-1.001918,-1.010065,-1.128810,-1.134331,-1.094175,-1.074453,-0.776890,-0.656567,-0.464636,-0.388357,-0.471008,-0.536181,-0.497428,-0.629938,-0.757254,-0.802351,-0.809628,-0.779234,-0.760791,-0.814944,-0.765760,-0.722191,-0.768850,-0.691811,-0.599644,-0.581634,-0.509374,-0.455817,-0.470609,-0.435827,-0.415819,-0.413536,-0.428249,-0.507177,-0.533829,-0.556182,-0.588885,-0.627037,-0.653273,-0.666173,-0.686096,-0.704134,-0.720904,-0.751756,-0.773998,-0.741670,-0.746491,-0.752023,-0.739834,-0.715467,-0.686199,-0.651524,-0.619690,-0.597010,-0.533505,-0.553341,-0.572017,-0.600456,-0.640037,-0.665044,-0.602680,-0.609465,-0.614015,-0.625976,-0.626827,-0.568437,-0.598750,-0.642402,-0.692908,-0.734284,-0.763785,-0.798692,-0.823465,-0.832172,-0.835129,-0.843673,-0.857169,-0.876529,-0.870560,-0.848272,-0.827647,-0.858392,-0.920939,-0.921804,-0.882007,-0.799263,-0.724307,-0.674682,-0.641185,-0.602806,-0.558502,-0.521720,-0.485800,-0.472599,-0.467666,-0.402482,-0.403137,-0.422745,-0.379088,-0.385962,-0.391765,-0.341136,-0.343891,-0.345749,-0.299978,-0.317553,-0.335836,-0.283267,-0.313867,-0.354264
-1.033556,-1.057359,-1.152364,-1.188205,-1.231859,-1.391489,-1.444648,-1.613207,-1.416430,-1.081069,-0.785101,-0.687903,-0.602823,-0.581657,-0.650525,-0.617329,-0.757303,-0.889416,-0.931145,-0.932149,-0.892522,-0.868642,-0.916128,-0.862131,-0.814333,-0.856381,-0.773853,-0.750575,-0.650721,-0.573918,-0.577150,-0.528458,-0.491722,-0.524742,-0.521099,-0.535131,-0.561023,-0.588392,-0.611353,-0.644469,-0.683417,-0.710281,-0.723296,-0.743530,-0.761901,-0.778827,-0.810811,-0.834288,-0.803756,-0.809623,-0.816807,-0.805716,-0.782232,-0.754267,-0.720204,-0.688961,-0.597010,-0.606480,-0.629451,-0.651137,-0.600456,-0.640037,-0.665044,-0.602680,-0.609465,-0.614015,-0.625976,-0.554688,-0.568437,-0.598750,-0.571237,-0.619866,-0.659336,-0.688021,-0.642747,-0.663527,-0.666854,-0.665116,-0.665041,-0.666687,-0.673196,-0.654381,-0.620836,-0.588405,-0.599123,-0.633388,-0.619975,-0.735992,-0.666352,-0.605987,-0.568002,-0.543956,-0.514822,-0.478095,-0.372944,-0.346191,-0.339371,-0.339728,-0.277864,-0.282603,-0.305799,-0.264118,-0.272172,-0.278076,-0.227680,-0.228742,-0.228385,-0.177335,-0.188082,-0.196999,-0.132463,-0.150302,-0.178321
-1.099490,-1.203474,-1.233578,-1.374491,-1.453654,-1.522828,-1.754964,-1.786217,-1.587418,-1.233159,-0.913635,-0.799536,-0.710055,-0.692307,-0.650525,-0.737230,-0.757303,-0.889416,-0.931145,-0.932149,-0.892522,-0.868642,-0.916128,-0.862131,-0.906474,-0.856381,-0.855895,-0.750575,-0.719808,-0.638463,-0.577150,-0.586307,-0.547617,-0.579203,-0.574881,-0.588572,-0.614870,-0.642955,-0.666524,-0.700053,-0.739797,-0.767288,-0.780419,-0.800963,-0.819668,-0.836750,-0.869866,-0.894578,-0.927927,-0.872755,-0.881591,-0.871598,-0.848997,-0.822335,-0.788883,-0.758232,-0.737483,-0.679455,-0.705561,-0.730257,-0.764721,-0.724013,-0.749169,-0.685577,-0.690145,-0.614015,-0.625976,-0.626827,-0.568437,-0.598750,-0.571237,-0.619866,-0.584389,-0.612256,-0.564774,-0.583558,-0.584196,-0.580110,-0.575726,-0.476205,-0.469864,-0.438201,-0.393401,-0.349164,-0.469488,-0.489613,-0.469060,-0.443963,-0.400530,-0.369349,-0.354641,-0.349498,-0.338855,-0.317281,-0.298556,-0.276387,-0.272757,-0.211790,-0.215555,-0.222336,-0.188852,-0.206634,-0.215278,-0.164388,-0.170951,-0.171168,-0.111020,-0.116014,-0.123347,-0.058162,-0.057061,0.013262,-0.002378
-1.165424,-1.276531,-1.314792,-1.467634,-1.564551,-1.654168,-1.910122,-1.959228,-1.758406,-1.385249,-1.042169,-0.799536,-0.710055,-0.692307,-0.650525,-0.737230,-0.757303,-0.889416,-0.802351,-0.809628,-0.779234,-0.760791,-0.814944,-0.765760,-0.814333,-0.856381,-0.773853,-0.750575,-0.650721,-0.638463,-0.577150,-0.586307,-0.547617,-0.579203,-0.574881,-0.588572,-0.614870,-0.642955,-0.666524,-0.700053,-0.739797,-0.767288,-0.780419,-0.800963,-0.819668,-0.836750,-0.928921,-0.954869,-0.990012,-0.999018,-1.011160,-1.003361,-0.982527,-0.958471,-0.926241,-0.896773,-0.877957,-0.825405,-0.857781,-0.888498,-0.846854,-0.891966,-0.917419,-0.851370,-0.851506,-0.770425,-0.701175,-0.698966,-0.639015,-0.668968,-0.642402,-0.619866,-0.659336,-0.612256,-0.564774,-0.583558,-0.501537,-0.495104,-0.486410,-0.380964,-0.368197,-0.330112,-0.279684,-0.229543,-0.210219,-0.202063,-0.167230,-0.151934,-0.267618,-0.251029,-0.247960,-0.252269,-0.250872,-0.236874,-0.224169,-0.206583,-0.206143,-0.147821,-0.153246,-0.162069,-0.130379,-0.149149,-0.158383,-0.107543,-0.114223,-0.113593,-0.052338,-0.054692,-0.058612,0.011257,0.018341,0.013262,0.085594
-1.231357,-1.276531,-1.396006,-1.467634,-1.675448,-1.785508,-1.910122,-1.959228,-1.758406,-1.385249,-1.042169,-0.799536,-0.710055,-0.692307,-0.650525,-0.617329,-0.757303,-0.757254,-0.802351,-0.687108,-0.665947,-0.652939,-0.612575,-0.669389,-0.630050,-0.681320,-0.691811,-0.599644,-0.581634,-0.573918,-0.516484,-0.528458,-0.491722,-0.524742,-0.521099,-0.535131,-0.614870,-0.642955,-0.666524,-0.700053,-0.739797,-0.767288,-0.837541,-0.858397,-0.877435,-0.894673,-0.928921,-1.015159,-1.052098,-1.062150,-1.075944,-1.069243,-1.116057,-1.094607,-1.063600,-1.035314,-1.018430,-1.044329,-1.010002,-1.046738,-1.093251,-1.059919,-1.085670,-1.017163,-1.012867,-0.926835,-0.851571,-0.843243,-0.780171,-0.739186,-0.713566,-0.692908,-0.734284,-0.688021,-0.642747,-0.583558,-0.501537,-0.495104,-0.397094,-0.380964,-0.266531,-0.222022,-0.165966,-0.109922,-0.080584,-0.058287,-0.016315,-0.005920,-0.001796,-0.014390,-0.034599,-0.155041,-0.162888,-0.156467,-0.149781,-0.136779,-0.139529,-0.147821,-0.090937,-0.101802,-0.130379,-0.149149,-0.101488,-0.107543,-0.114223,-0.056018,-0.052338,-0.054692,0.006124,0.011257,0.093743,0.095044,0.173566
-1.165424,-1.276531,-1.396006,-1.467634,-1.675448,-1.785508,-1.910122,-1.959228,-1.758406,-1.233159,-0.913635,-0.687903,-0.602823,-0.581657,-0.536181,-0.497428,-0.629938,-0.625092,-0.544763,-0.564587,-0.552659,-0.545088,-0.511391,-0.476647,-0.445766,-0.506258,-0.527728,-0.524179,-0.443461,-0.444830,-0.455817,-0.470609,-0.435827,-0.470281,-0.467318,-0.481690,-0.561023,-0.588392,-0.611353,-0.700053,-0.739797,-0.767288,-0.837541,-0.858397,-0.935203,-0.952596,-0.987976,-1.075449,-1.114183,-1.188414,-1.205513,-1.201007,-1.182821,-1.230743,-1.200958,-1.173855,-1.158903,-1.190279,-1.238332,-1.284098,-1.257516,-1.311849,-1.253920,-1.265852,-1.174228,-1.083245,-1.077167,-0.987520,-0.921326,-0.879622,-0.855894,-0.838991,-0.809231,-0.763785,-0.720719,-0.663527,-0.584196,-0.580110,-0.486410,-0.380964,-0.266531,-0.222022,-0.052249,0.009699,0.049051,0.085488,0.134600,0.140095,0.131115,0.103929,0.072081,0.039417,0.013079,-0.076061,-0.075393,-0.066974,-0.072915,-0.083851,-0.090937,-0.101802,-0.130379,-0.091665,-0.101488,-0.107543,-0.057495,-0.056018,0.006344,0.006629,0.070859,0.150094,0.169145,0.258609,0.349509
-1.165424,-1.203474,-1.314792,-1.374491,-1.564551,-1.654168,-1.754964,-1.786217,-1.587418,-1.233159,-0.913635,-0.576269,-0.495590,-0.471008,-0.421837,-0.377527,-0.375209,-0.360767,-0.415969,-0.319546,-0.326084,-0.329384,-0.309022,-0.283904,-0.261483,-0.331197,-0.363644,-0.373248,-0.305288,-0.315742,-0.334485,-0.354911,-0.379933,-0.361358,-0.413536,-0.481690,-0.507177,-0.588392,-0.611353,-0.700053,-0.739797,-0.824295,-0.837541,-0.915830,-0.935203,-1.010518,-1.047031,-1.135740,-1.176269,-1.251546,-1.270297,-1.332770,-1.316351,-1.298811,-1.269637,-1.312396,-1.299376,-1.336229,-1.390552,-1.442339,-1.421782,-1.479802,-1.422170,-1.431645,-1.335589,-1.239655,-1.152365,-1.131798,-1.062482,-1.020058,-0.998223,-0.985074,-0.959127,-0.915313,-0.876664,-0.823465,-0.749513,-0.665116,-0.575726,-0.476205,-0.368197,-0.222022,-0.165966,0.009699,0.049051,0.085488,0.134600,0.286110,0.131115,0.103929,0.072081,0.039417,0.013079,0.004346,-0.001005,0.002830,-0.006301,-0.083851,-0.090937,-0.101802,-0.130379,-0.091665,-0.101488,-0.050699,-0.057495,0.001556,0.006344,0.067951,0.135594,0.219513,0.244547,0.340391,0.437481
-1.099490,-1.130416,-1.233578,-1.281348,-1.342757,-1.522828,-1.599806,-1.613207,-1.416430,-1.081069,-0.785101,-0.464636,-0.388357,-0.360358,-0.307493,-0.137724,-0.120480,-0.228605,-0.158382,-0.197026,-0.099509,-0.113681,-0.106654,-0.091162,-0.169341,-0.156136,-0.199561,-0.222317,-0.236201,-0.251198,-0.273818,-0.297062,-0.324038,-0.306897,-0.359755,-0.428249,-0.507177,-0.533829,-0.611353,-0.644469,-0.739797,-0.824295,-0.837541,-0.915830,-0.992970,-1.010518,-1.106086,-1.135740,-1.238354,-1.314677,-1.335081,-1.398652,-1.383116,-1.366879,-1.406996,-1.381666,-1.369612,-1.409204,-1.466662,-1.521459,-1.586047,-1.563778,-1.590421,-1.514542,-1.416269,-1.396065,-1.302762,-1.203936,-1.133060,-1.090276,-1.069387,-1.058116,-1.034074,-0.991077,-0.954637,-0.903434,-0.832172,-0.750122,-0.665041,-0.571446,-0.469864,-0.330112,-0.165966,-0.109922,0.049051,0.085488,0.134600,0.140095,0.131115,0.103929,0.072081,0.039417,0.013079,0.004346,-0.001005,0.002830,-0.006301,-0.083851,-0.090937,-0.101802,-0.071906,-0.091665,-0.101488,-0.050699,-0.000767,0.001556,0.065026,0.129272,0.135594,0.219513,0.319949,0.422173,0.613424
-1.033556,-1.057359,-1.152364,-1.188205,-1.231859,-1.260149,-1.444648,-1.440196,-1.245442,-0.776890,-0.528032,-0.353003,-0.281124,-0.139059,-0.078805,-0.017823,0.006885,0.035720,0.099206,0.170535,0.127066,0.102022,0.095715,0.101580,0.014942,0.018926,-0.035478,-0.071386,-0.098028,-0.122110,-0.152486,-0.181364,-0.212249,-0.252435,-0.305973,-0.374809,-0.453330,-0.533829,-0.611353,-0.644469,-0.739797,-0.824295,-0.837541,-0.915830,-0.992970,-1.010518,-1.106086,-1.196030,-1.238354,-1.314677,-1.335081,-1.398652,-1.383116,-1.434946,-1.406996,-1.450937,-1.439849,-1.482179,-1.542772,-1.600579,-1.668179,-1.647755,-1.674546,-1.597439,-1.496950,-1.474270,-1.377961,-1.276075,-1.203638,-1.160494,-1.211715,-1.204199,-1.183969,-1.142606,-1.110582,-0.983403,-0.914830,-0.835129,-0.754357,-0.666687,-0.571530,-0.438201,-0.279684,-0.229543,-0.080584,-0.058287,-0.016315,0.140095,0.131115,0.103929,0.072081,0.039417,-0.074905,-0.076061,-0.075393,-0.066974,-0.072915,-0.083851,-0.090937,-0.101802,-0.071906,-0.091665,-0.044593,-0.050699,-0.000767,0.059131,0.123708,0.190594,0.200329,0.288932,0.395352,0.585737,0.701396
-0.967622,-0.984301,-1.071149,-1.095061,-1.120962,-1.128810,-1.289490,-1.094175,-0.903465,-0.624801,-0.399498,-0.129736,-0.066658,-0.028410,0.149883,0.221979,0.261614,0.300044,0.356794,0.415576,0.353641,0.317725,0.298084,0.294323,0.291367,0.193987,0.128606,0.079545,0.040145,0.006978,-0.031153,-0.123515,-0.156354,-0.197974,-0.252192,-0.321368,-0.399484,-0.479267,-0.556182,-0.644469,-0.683417,-0.767288,-0.837541,-0.858397,-0.935203,-1.010518,-1.047031,-1.135740,-1.176269,-1.251546,-1.335081,-1.332770,-1.383116,-1.366879,-1.406996,-1.381666,-1.369612,-1.482179,-1.542772,-1.600579,-1.668179,-1.647755,-1.674546,-1.597439,-1.577630,-1.474270,-1.453159,-1.348214,-1.274215,-1.300929,-1.282880,-1.277240,-1.258917,-1.218370,-1.188554,-1.143341,-1.080148,-1.005141,-0.932989,-0.857169,-0.774863,-0.654381,-0.507119,-0.349164,-0.339853,-0.202063,-0.167230,-0.151934,-0.134707,-0.014390,-0.034599,-0.057812,-0.074905,-0.076061,-0.075393,-0.066974,-0.072915,-0.083851,-0.090937,-0.041535,-0.071906,-0.034180,0.012302,0.006145,0.055962,0.116705,0.182391,0.251915,0.329800,0.497187,0.621558,0.749302,0.877339
-0.835755,-0.911244,-0.908721,-1.001918,-1.010065,-0.997470,-0.979173,-0.921164,-0.732477,-0.472711,-0.142430,-0.018103,0.147807,0.192889,0.264227,0.461781,0.516343,0.564369,0.614381,0.660617,0.693503,0.641280,0.601637,0.583436,0.475650,0.369048,0.292689,0.230475,0.178318,0.136066,0.029513,-0.007817,-0.044565,-0.143513,-0.198410,-0.267927,-0.345637,-0.424704,-0.501011,-0.588885,-0.627037,-0.710281,-0.780419,-0.800963,-0.877435,-0.894673,-0.987976,-1.015159,-1.114183,-1.125282,-1.205513,-1.201007,-1.249586,-1.230743,-1.269637,-1.243125,-1.299376,-1.336229,-1.390552,-1.442339,-1.503914,-1.563778,-1.590421,-1.597439,-1.577630,-1.474270,-1.453159,-1.420353,-1.344793,-1.300929,-1.354044,-1.350282,-1.333865,-1.369898,-1.344499,-1.303279,-1.245465,-1.175154,-1.111621,-1.047651,-0.978195,-0.870560,-0.734554,-0.588405,-0.469488,-0.489613,-0.318145,-0.297949,-0.267618,-0.132710,-0.141280,-0.155041,-0.162888,-0.156467,-0.075393,-0.066974,-0.072915,-0.019882,-0.028628,0.018732,-0.013433,0.023305,0.069196,0.119834,0.169418,0.231854,0.358437,0.435880,0.524006,0.636025,0.772362,0.912866,1.053282
-0.769821,-0.838186,-0.827507,-0.908775,-0.899167,-0.866131,-0.824015,-0.748154,-0.390500,-0.168532,0.114639,0.205164,0.255040,0.414188,0.492915,0.581683,0.771072,0.828693,0.871969,0.905658,0.920078,0.856983,0.905190,0.776179,0.752075,0.631640,0.538815,0.381406,0.316491,0.200610,0.150846,0.050032,0.011330,-0.089052,-0.144629,-0.214486,-0.291790,-0.370141,-0.445840,-0.533302,-0.570657,-0.653273,-0.666173,-0.743530,-0.761901,-0.836750,-0.869866,-0.894578,-0.990012,-0.999018,-1.075944,-1.069243,-1.049292,-1.094607,-1.063600,-1.035314,-1.018430,-1.044329,-1.162222,-1.204978,-1.257516,-1.395825,-1.422170,-1.431645,-1.416269,-1.396065,-1.377961,-1.348214,-1.344793,-1.371147,-1.354044,-1.423323,-1.408812,-1.445662,-1.422472,-1.383248,-1.328124,-1.260160,-1.200937,-1.142892,-1.079862,-0.978650,-0.848272,-0.708026,-0.599123,-0.633388,-0.469060,-0.443963,-0.267618,-0.251029,-0.141280,-0.155041,-0.162888,-0.076061,-0.075393,0.002830,0.060313,0.044087,0.095989,0.139266,0.161986,0.195758,0.239881,0.290367,0.339603,0.404578,0.534484,0.619844,0.718212,0.844281,0.998568,1.158213,1.317197
-0.703887,-0.765129,-0.746293,-0.722489,-0.677373,-0.603452,-0.513699,-0.402133,-0.219512,0.135647,0.243173,0.428431,0.469506,0.524837,0.721603,0.821485,1.025801,1.093017,1.129557,1.150699,1.146654,1.072686,1.107558,1.065292,0.936358,0.806701,0.702898,0.532337,0.454664,0.329698,0.211512,0.165729,0.067225,0.019871,-0.090847,-0.161045,-0.237944,-0.315579,-0.335499,-0.422135,-0.514277,-0.539259,-0.609051,-0.628663,-0.646367,-0.720904,-0.751756,-0.773998,-0.803756,-0.872755,-0.881591,-0.871598,-0.848997,-0.822335,-0.857562,-0.827502,-0.807720,-0.825405,-0.857781,-0.888498,-0.928986,-1.059919,-1.169795,-1.182956,-1.254908,-1.317860,-1.302762,-1.348214,-1.344793,-1.371147,-1.425208,-1.423323,-1.483760,-1.445662,-1.500444,-1.463217,-1.410782,-1.345166,-1.290253,-1.238133,-1.181528,-1.086740,-0.961989,-0.827647,-0.728758,-0.633388,-0.619975,-0.443963,-0.267618,-0.251029,-0.141280,-0.155041,-0.074905,0.004346,0.073383,0.142438,0.126927,0.172025,0.220607,0.320066,0.337406,0.368212,0.410565,0.517745,0.566516,0.634876,0.710530,0.803809,0.977153,1.121955,1.224775,1.403559,1.493140
-0.637954,-0.619014,-0.583864,-0.536203,-0.455578,-0.340773,-0.203383,-0.056112,0.122465,0.287737,0.371707,0.540064,0.576739,0.746136,0.835947,1.061287,1.153165,1.225180,1.387145,1.395739,1.373229,1.288389,1.309927,1.258034,1.120641,0.981763,0.866981,0.758733,0.592838,0.458786,0.332845,0.223578,0.179014,0.074332,0.016716,-0.054163,-0.130251,-0.206453,-0.280328,-0.310968,-0.401517,-0.425244,-0.494805,-0.513796,-0.530833,-0.547136,-0.633645,-0.653417,-0.679585,-0.683359,-0.687239,-0.673953,-0.715467,-0.686199,-0.651524,-0.550420,-0.526774,-0.533505,-0.629451,-0.651137,-0.682588,-0.807990,-0.833294,-0.934266,-1.012867,-1.083245,-1.152365,-1.203936,-1.274215,-1.300929,-1.354044,-1.423323,-1.483760,-1.521427,-1.500444,-1.463217,-1.493441,-1.430172,-1.379569,-1.333374,-1.181528,-1.086740,-0.961989,-0.827647,-0.728758,-0.633388,-0.619975,-0.443963,-0.267618,-0.132710,-0.034599,0.039417,0.101062,0.165160,0.222158,0.282047,0.326769,0.427902,0.469843,0.500867,0.571298,0.598151,0.695039,0.745122,0.850157,0.922749,1.003941,1.110417,1.236094,1.330211,1.526383,1.648906,1.757055
-0.506086,-0.472899,-0.421436,-0.349916,-0.233783,-0.209433,-0.048225,0.116899,0.293453,0.439827,0.628776,0.651697,0.683972,0.856786,0.950291,1.061287,1.280530,1.357342,1.387145,1.395739,1.373229,1.396240,1.309927,1.354406,1.212783,1.156824,1.031065,0.909664,0.731011,0.587874,0.454178,0.397125,0.290803,0.183255,0.124279,0.052719,-0.022557,-0.097328,-0.169986,-0.199800,-0.288757,-0.311229,-0.380560,-0.398929,-0.415299,-0.431290,-0.456480,-0.472546,-0.493328,-0.557096,-0.557670,-0.542189,-0.515172,-0.481995,-0.445487,-0.411879,-0.386301,-0.387556,-0.401121,-0.492897,-0.518323,-0.640037,-0.665044,-0.768473,-0.851506,-0.926835,-1.001968,-1.059659,-1.203638,-1.230711,-1.354044,-1.423323,-1.483760,-1.445662,-1.500444,-1.463217,-1.410782,-1.430172,-1.290253,-1.238133,-1.181528,-1.086740,-0.961989,-0.827647,-0.728758,-0.633388,-0.469060,-0.297949,-0.134707,-0.014390,0.072081,0.136646,0.277029,0.325974,0.445322,0.491459,0.593225,0.683778,0.719078,0.802202,0.863664,0.943058,0.979513,1.086188,1.190526,1.268196,1.356035,1.417024,1.559770,1.677304,1.827991,1.894252,2.020970
-0.308285,-0.253727,-0.259007,-0.163630,-0.011989,0.184585,0.262091,0.462920,0.635429,0.744006,0.628776,0.651697,0.791205,0.856786,0.950291,1.181188,1.280530,1.357342,1.387145,1.395739,1.373229,1.288389,1.309927,1.258034,1.212783,1.156824,1.031065,0.909664,0.800097,0.716962,0.575510,0.512823,0.402593,0.346639,0.285623,0.213041,0.138982,0.066360,-0.004473,-0.033050,-0.119617,-0.197215,-0.209192,-0.226629,-0.299764,-0.315445,-0.338370,-0.351965,-0.369157,-0.367700,-0.363317,-0.344544,-0.381643,-0.345859,-0.308128,-0.273338,-0.245828,-0.314581,-0.325011,-0.334657,-0.436191,-0.472084,-0.580919,-0.602680,-0.690145,-0.770425,-0.851571,-0.915382,-1.062482,-1.160494,-1.282880,-1.350282,-1.408812,-1.445662,-1.422472,-1.383248,-1.410782,-1.345166,-1.290253,-1.238133,-1.079862,-0.978650,-0.848272,-0.708026,-0.599123,-0.489613,-0.318145,-0.151934,-0.001796,0.103929,0.285442,0.428332,0.452996,0.567194,0.668485,0.840480,0.926295,1.003624,1.092932,1.163804,1.272975,1.345451,1.377777,1.484099,1.587624,1.671217,1.766810,1.846275,1.948182,2.024397,2.129600,2.221381,2.284885
-0.110484,-0.034554,-0.015365,0.115800,0.209806,0.447264,0.572408,0.635931,0.806418,0.744006,0.757310,0.763330,0.791205,0.856786,0.950291,1.061287,1.153165,1.225180,1.129557,1.150699,1.146654,1.072686,1.006374,0.968921,0.936358,0.894232,0.866981,0.834199,0.800097,0.716962,0.696843,0.628521,0.570277,0.510023,0.500749,0.426805,0.354369,0.284611,0.216210,0.133701,0.105903,0.030815,-0.037824,-0.054329,-0.126463,-0.141676,-0.220260,-0.231385,-0.244986,-0.241437,-0.233749,-0.212780,-0.181348,-0.209723,-0.170770,-0.134797,-0.105355,-0.168631,-0.172790,-0.255537,-0.271925,-0.388107,-0.412668,-0.519784,-0.609465,-0.692220,-0.701175,-0.771104,-0.850749,-0.949840,-1.069387,-1.204199,-1.258917,-1.294134,-1.266527,-1.303279,-1.245465,-1.175154,-1.111621,-1.047651,-0.978195,-0.870560,-0.734554,-0.588405,-0.339853,-0.202063,-0.167230,-0.005920,0.264026,0.340568,0.498804,0.622790,0.804930,0.888822,1.040424,1.189501,1.325979,1.451408,1.591403,1.645940,1.740760,1.805328,1.889830,1.938853,1.984722,2.074239,2.118903,2.214204,2.271858,2.302072,2.355806,2.466728,2.460828
0.153251,0.184618,0.309492,0.395229,0.542498,0.709943,0.882724,0.981952,0.977406,0.896096,0.757310,0.763330,0.683972,0.746136,0.835947,0.821485,0.898436,0.960855,0.871969,0.783137,0.693503,0.641280,0.601637,0.583436,0.567792,0.544109,0.538815,0.607803,0.661924,0.652418,0.696843,0.686370,0.682066,0.673407,0.662094,0.640569,0.623602,0.557424,0.492065,0.411619,0.331423,0.258844,0.247789,0.175405,0.104605,0.032092,-0.043094,-0.050514,-0.120815,-0.115173,-0.104180,-0.146899,-0.114583,-0.073587,-0.033412,0.003744,0.035118,-0.022681,-0.020570,-0.097296,-0.189793,-0.220155,-0.328543,-0.436887,-0.448104,-0.535810,-0.550778,-0.626827,-0.709593,-0.739186,-0.855894,-0.985074,-1.034074,-1.066842,-1.110582,-1.063372,-1.080148,-1.005141,-1.022305,-0.952410,-0.876529,-0.762470,-0.620836,-0.349164,-0.210219,-0.058287,0.134600,0.286110,0.396937,0.577207,0.818845,1.011705,1.156864,1.371263,1.561138,1.747935,1.858891,1.963161,2.089874,2.128075,2.150072,2.207720,2.288094,2.279920,2.325091,2.362112,2.353632,2.398168,2.401329,2.440909,2.506610,2.466728,2.460828
0.416986,0.476848,0.553135,0.674659,0.875190,0.972622,1.037882,1.154962,0.977406,0.896096,0.757310,0.651697,0.683972,0.635487,0.721603,0.701584,0.643707,0.564369,0.485588,0.415576,0.240353,0.102022,0.095715,0.005209,0.014942,0.106456,0.128606,0.305941,0.385578,0.523330,0.575510,0.686370,0.737961,0.782329,0.823438,0.854332,0.892835,0.884800,0.823090,0.745120,0.669703,0.600888,0.533402,0.462572,0.335674,0.263784,0.193126,0.130357,0.065441,0.011091,-0.039396,-0.015135,0.018947,-0.005519,0.035268,0.073015,0.105355,0.123268,0.055540,0.060944,-0.025528,-0.136178,-0.160293,-0.271094,-0.286743,-0.379400,-0.400381,-0.482549,-0.497860,-0.528532,-0.642402,-0.692908,-0.734284,-0.763785,-0.798692,-0.823465,-0.832172,-0.835129,-0.754357,-0.761928,-0.673196,-0.546291,-0.393401,-0.229543,-0.080584,0.085488,0.285515,0.432124,0.662760,0.813846,1.138887,1.400620,1.684766,1.853704,2.081853,2.236565,2.325189,2.410944,2.463728,2.489677,2.500911,2.495143,2.458778,2.450453,2.438548,2.419686,2.412314,2.398168,2.401329,2.440909,2.431208,2.384945,2.284885
0.746655,0.769078,0.877991,0.954088,1.096984,1.103962,1.193040,1.154962,1.148394,0.896096,0.757310,0.651697,0.576739,0.524837,0.492915,0.461781,0.388978,0.167882,-0.029588,-0.197026,-0.326084,-0.437236,-0.511391,-0.573018,-0.537908,-0.418728,-0.281603,-0.146852,0.040145,0.265154,0.454178,0.570672,0.737961,0.836790,0.984783,1.014655,1.108222,1.157613,1.209286,1.134205,1.064363,0.999939,0.876138,0.807172,0.682276,0.553398,0.488402,0.371519,0.251698,0.200486,0.154957,0.116629,0.085712,0.130617,0.103947,0.142285,0.175591,0.196243,0.207760,0.140064,0.138737,0.031775,0.007958,-0.105301,-0.125382,-0.144785,-0.249984,-0.266133,-0.286126,-0.317878,-0.428909,-0.473783,-0.509441,-0.536492,-0.564774,-0.583558,-0.584196,-0.580110,-0.575726,-0.571446,-0.469864,-0.330112,-0.279684,-0.109922,0.049051,0.085488,0.285515,0.578139,0.795671,1.168804,1.565609,1.886764,2.124683,2.416552,2.528180,2.655390,2.658259,2.666821,2.712963,2.670478,2.617857,2.552627,2.458778,2.393608,2.325091,2.304537,2.236268,2.214204,2.207123,2.232653,2.205002,2.139599,2.020970
1.010390,1.061308,1.040420,1.140374,1.207881,1.366641,1.348198,1.327973,1.148394,0.896096,0.757310,0.540064,0.469506,0.414188,0.264227,0.221979,0.006885,-0.228605,-0.544763,-0.809628,-0.892522,-1.084345,-1.118497,-1.151245,-1.090758,-0.943912,-0.773853,-0.524179,-0.236201,0.006978,0.272179,0.512823,0.682066,0.891252,1.038564,1.174978,1.269761,1.375864,1.429969,1.467707,1.459024,1.398991,1.275996,1.209206,1.028879,0.900935,0.783677,0.672971,0.562126,0.453013,0.349310,0.314274,0.286006,0.266753,0.241305,0.211556,0.245828,0.269218,0.283870,0.219184,0.220870,0.199728,0.176208,0.060492,0.035979,0.011625,-0.024389,-0.049717,-0.074393,-0.107225,-0.215416,-0.254658,-0.284598,-0.309200,-0.330856,-0.343651,-0.336220,-0.325091,-0.307778,-0.285723,-0.266531,-0.222022,-0.165966,-0.109922,0.049051,0.085488,0.285515,0.724153,1.061493,1.523763,1.992331,2.372908,2.652584,2.738179,2.825731,2.864802,2.858101,2.794759,2.712963,2.610211,2.500911,2.380174,2.288094,2.223075,2.154906,2.074239,2.060221,2.030239,2.012917,1.954979,1.903393,1.812470,1.581112
1.208192,1.207423,1.202848,1.233518,1.318779,1.497980,1.503356,1.327973,1.148394,0.896096,0.628776,0.540064,0.362273,0.303538,0.149883,-0.017823,-0.375209,-0.757254,-1.059939,-1.299710,-1.458960,-1.515752,-1.523234,-1.440358,-1.275041,-1.031442,-0.691811,-0.373248,-0.098028,0.200610,0.454178,0.686370,0.905645,1.109097,1.253690,1.388742,1.485148,1.594114,1.705824,1.745625,1.740924,1.741035,1.675854,1.553807,1.433249,1.306394,1.138008,1.034713,0.872553,0.768673,0.673231,0.577801,0.486301,0.470957,0.378664,0.350097,0.386301,0.342193,0.359980,0.377424,0.303003,0.283704,0.260333,0.226285,0.197340,0.168035,0.126008,0.094560,0.066763,0.033211,-0.001923,-0.035534,-0.059756,-0.081907,-0.096939,-0.183713,-0.170902,-0.155079,-0.129146,-0.095241,-0.164864,-0.113932,-0.052249,-0.109922,-0.080584,0.085488,0.285515,0.724153,1.327315,1.997041,2.419053,2.761824,2.916535,2.898993,2.900119,2.794998,2.724873,2.666821,2.526037,2.429410,2.267018,2.150235,2.060515,1.995698,1.871265,1.843941,1.825492,1.784953,1.753976,1.677304,1.601785,1.403559,1.141254
1.340059,1.353538,1.365277,1.419804,1.429676,1.497980,1.503356,1.327973,1.148394,0.896096,0.628776,0.428431,0.255040,0.192889,0.035539,-0.257625,-0.629938,-1.153741,-1.446320,-1.544751,-1.572247,-1.515752,-1.320866,-1.054874,-0.722191,-0.331197,0.046564,0.381406,0.661924,0.910594,1.060841,1.207011,1.408697,1.490326,1.630161,1.762828,1.862074,1.921490,1.981678,2.023542,2.079204,2.026071,2.018590,1.898407,1.779851,1.653931,1.492339,1.396455,1.245066,1.084332,0.997152,0.907210,0.820126,0.743229,0.653381,0.627179,0.526774,0.561118,0.512200,0.456545,0.467268,0.451657,0.428584,0.392078,0.358701,0.324445,0.276405,0.238838,0.278496,0.243865,0.211569,0.183591,0.165087,0.145385,0.059006,0.056194,0.077074,0.014934,0.049486,0.000000,-0.063198,-0.113932,-0.052249,-0.109922,-0.080584,-0.058287,0.285515,1.016182,1.726049,2.351999,2.739095,2.859052,2.916535,2.818586,2.676955,2.585586,2.458417,2.346975,2.214492,2.067808,1.916180,1.805328,1.719146,1.654632,1.587624,1.556068,1.532081,1.478346,1.430299,1.399630,1.224775,1.076430,0.701396
1.471927,1.499653,1.446491,1.512947,1.540573,1.629320,1.503356,1.327973,1.148394,0.744006,0.500241,0.316797,0.255040,0.082239,-0.193149,-0.497428,-0.884667,-1.285903,-1.446320,-1.422230,-1.232385,-0.868642,-0.511391,-0.091162,0.383508,0.719171,1.031065,1.286991,1.421877,1.556034,1.606838,1.727651,1.799959,1.871555,1.952850,2.030033,2.131307,2.194304,2.257533,2.301460,2.304724,2.311108,2.247081,2.185574,2.068687,1.943545,1.787614,1.697906,1.555494,1.463123,1.321074,1.236618,1.087185,1.015501,0.928098,0.904261,0.807720,0.780042,0.816641,0.773025,0.713666,0.703587,0.680959,0.640768,0.600742,0.559060,0.502000,0.527392,0.490230,0.454519,0.425062,0.402716,0.389930,0.372678,0.292924,0.296102,0.242391,0.269952,0.228118,0.095241,0.038468,-0.113932,-0.165966,-0.229543,-0.210219,-0.058287,0.436429,1.308212,1.991871,2.470318,2.739095,2.761824,2.652584,2.496959,2.379404,2.166760,2.058733,1.899191,1.778330,1.645940,1.565341,1.460420,1.377777,1.313566,1.303983,1.268196,1.179988,1.171738,1.106623,1.052537,0.923166,0.667519,0.349509
1.603794,1.572710,1.608919,1.606090,1.651471,1.629320,1.503356,1.327973,0.977406,0.744006,0.500241,0.316797,0.147807,-0.028410,-0.307493,-0.497428,-0.884667,-1.021578,-1.059939,-0.809628,-0.439372,0.102022,0.500452,0.968921,1.397066,1.682008,1.851482,1.966180,2.043656,2.007843,2.031502,2.016896,2.023538,2.089400,2.114194,2.190355,2.239000,2.303429,2.367874,2.412627,2.417484,2.425123,2.418449,2.357874,2.241988,2.117314,2.023835,1.878777,1.803836,1.652518,1.580211,1.500146,1.354245,1.287772,1.271494,1.181343,1.158903,1.144916,1.121081,1.089506,1.124328,1.123469,1.017460,0.972354,0.923464,0.871880,0.877993,0.815947,0.772541,0.805608,0.780883,0.694882,0.689720,0.675735,0.604814,0.536009,0.490367,0.354958,0.317434,0.190482,0.038468,-0.113932,-0.279684,-0.349164,-0.339853,-0.058287,0.587344,1.454226,1.991871,2.351999,2.419053,2.372908,2.212667,2.094925,1.858690,1.747935,1.659049,1.515377,1.404476,1.284338,1.214502,1.115512,1.093303,1.029344,1.020342,0.980323,0.945259,0.865131,0.847682,0.705443,0.546156,0.340391,-0.002378
1.669728,1.645767,1.608919,1.606090,1.651471,1.629320,1.503356,1.327973,0.977406,0.591916,0.371707,0.205164,0.040575,-0.139059,-0.307493,-0.617329,-0.629938,-0.625092,-0.415969,0.048015,0.580216,1.072686,1.512296,1.836261,2.134199,2.294722,2.425774,2.418973,2.389089,2.330563,2.274168,2.248292,2.191222,2.198323,2.167976,2.190355,2.239000,2.303429,2.312703,2.357044,2.361104,2.368115,2.361326,2.300441,2.241988,2.175237,2.082890,1.999358,1.865922,1.778782,1.709779,1.631909,1.554540,1.491976,1.477531,1.458426,1.439849,1.436816,1.425522,1.485106,1.452859,1.459375,1.438086,1.386837,1.326867,1.262905,1.253985,1.176641,1.125430,1.156698,1.065540,1.060090,0.989511,0.903027,0.838732,0.695947,0.655684,0.524971,0.317434,0.190482,0.038468,-0.222022,-0.393401,-0.468785,-0.469488,-0.058287,0.738259,1.308212,1.858960,1.997041,1.992331,1.886764,1.684766,1.532077,1.486751,1.329110,1.259365,1.131562,1.030623,0.983003,0.863664,0.828089,0.808829,0.745122,0.736700,0.692450,0.651848,0.619844,0.524006,0.427769,0.244547,0.013262,-0.266293
1.735662,1.718825,1.690133,1.699233,1.651471,1.629320,1.503356,1.154962,0.806418,0.439827,0.243173,0.093531,-0.066658,-0.249709,-0.421837,-0.497428,-0.375209,-0.228605,0.228000,0.783137,1.373229,1.827647,2.220586,2.414488,2.594908,2.644845,2.671899,2.569904,2.458176,2.330563,2.274168,2.190443,2.135327,2.089400,2.114194,2.083474,2.077461,2.139741,2.147191,2.190293,2.191964,2.197093,2.189958,2.185574,2.126454,2.059391,2.023835,1.939068,1.865922,1.778782,1.709779,1.631909,1.621304,1.628112,1.614890,1.596967,1.580322,1.655740,1.653852,1.722467,1.781389,1.795281,1.774587,1.718423,1.649588,1.575725,1.554778,1.465196,1.407741,1.367352,1.350197,1.279214,1.214354,1.130320,0.994677,0.855885,0.655684,0.524971,0.317434,0.190482,-0.063198,-0.330112,-0.507119,-0.588405,-0.469488,-0.058287,0.587344,1.162197,1.460226,1.523763,1.458928,1.303392,1.244848,1.130042,1.040424,0.980089,0.859681,0.747747,0.656770,0.621401,0.571298,0.540666,0.524355,0.517745,0.453059,0.404578,0.358437,0.313237,0.200329,0.080676,-0.057061,-0.232085,-0.530207
1.735662,1.718825,1.690133,1.699233,1.651471,1.629320,1.503356,1.154962,0.635429,0.287737,0.114639,-0.018103,-0.173891,-0.360358,-0.536181,-0.377527,-0.120480,0.300044,0.871969,1.518260,1.939666,2.366904,2.524139,2.703602,2.687049,2.732375,2.589858,2.494438,2.320003,2.201475,2.092169,2.016896,1.967643,1.926016,1.899068,1.869710,1.862074,1.866928,1.871336,1.912375,1.910064,1.912057,1.904345,1.898407,1.895386,1.885623,1.846670,1.758197,1.679665,1.652518,1.580211,1.566027,1.554540,1.560044,1.614890,1.596967,1.650558,1.728715,1.806072,1.880707,1.945654,1.963234,1.942837,1.967112,1.891630,1.810340,1.705175,1.681612,1.619474,1.507788,1.421361,1.352256,1.289301,1.130320,0.994677,0.855885,0.655684,0.524971,0.317434,0.095241,-0.164864,-0.330112,-0.507119,-0.588405,-0.469488,-0.058287,0.436429,0.870168,1.061493,0.932165,0.818845,0.817248,0.804930,0.808415,0.668485,0.631068,0.459997,0.427902,0.345225,0.320066,0.278933,0.253243,0.239881,0.176678,0.169418,0.116705,0.065026,-0.054692,-0.123347,-0.196999,-0.358669,-0.559213,-0.706151
1.801595,1.718825,1.690133,1.699233,1.651471,1.629320,1.348198,0.981952,0.464441,0.135647,-0.013896,-0.129736,-0.388357,-0.581657,-0.536181,-0.377527,0.006885,0.696531,1.387145,1.885821,2.279529,2.474756,2.524139,2.510859,2.502766,2.382253,2.343733,2.192577,2.043656,1.943299,1.849503,1.785500,1.744065,1.708171,1.630161,1.602505,1.592841,1.594114,1.595482,1.578874,1.571784,1.570013,1.561609,1.553807,1.606550,1.596008,1.610449,1.577326,1.493408,1.463123,1.385858,1.368382,1.421010,1.423908,1.477531,1.527696,1.580322,1.655740,1.729962,1.880707,1.945654,2.047210,2.026962,2.050009,1.972310,1.888545,1.780374,1.681612,1.619474,1.507788,1.421361,1.352256,1.214354,1.130320,0.916704,0.775916,0.573026,0.439965,0.228118,0.000000,-0.266531,-0.438201,-0.620836,-0.588405,-0.469488,-0.202063,0.134600,0.432124,0.529848,0.340568,0.392123,0.428332,0.452996,0.406381,0.370934,0.212243,0.126927,0.108056,0.095989,0.018732,-0.013433,-0.034180,-0.101488,-0.107543,-0.170951,-0.171168,-0.287067,-0.361300,-0.447023,-0.544092,-0.660278,-0.722778,-0.882094
1.801595,1.718825,1.690133,1.606090,1.651471,1.497980,1.193040,0.808941,0.293453,-0.016442,-0.142430,-0.353003,-0.602823,-0.692307,-0.650525,-0.257625,0.261614,0.960855,1.515938,1.885821,2.052954,2.151201,2.119402,2.125375,2.042058,1.944600,1.933524,1.815249,1.698223,1.620578,1.546172,1.496255,1.464591,1.435865,1.361253,1.335301,1.323608,1.321301,1.264457,1.245372,1.233503,1.227969,1.218873,1.209206,1.202180,1.248472,1.315173,1.275874,1.307152,1.210595,1.191505,1.170737,1.220715,1.219705,1.271494,1.389155,1.439849,1.509791,1.577742,1.722467,1.863522,1.879257,1.942837,1.967112,1.891630,1.888545,1.780374,1.681612,1.548896,1.437570,1.350197,1.279214,1.139406,0.978791,0.838732,0.695947,0.490367,0.354958,0.138802,-0.095241,-0.266531,-0.546291,-0.620836,-0.588405,-0.599123,-0.345838,-0.167230,-0.005920,-0.001796,-0.014390,-0.034599,0.039417,0.101062,0.084753,-0.001005,-0.066974,-0.139529,-0.211790,-0.215555,-0.282603,-0.305799,-0.379088,-0.385962,-0.448610,-0.454592,-0.516615,-0.580478,-0.667907,-0.705964,-0.821766,-0.886484,-0.968124,-1.058037
1.801595,1.718825,1.690133,1.606090,1.540573,1.366641,1.193040,0.635931,0.122465,-0.168532,-0.399498,-0.687903,-0.817288,-0.913606,-0.764869,-0.257625,0.388978,0.960855,1.387145,1.518260,1.599804,1.611943,1.613480,1.547148,1.581350,1.506946,1.441274,1.362457,1.283704,1.233314,1.182174,1.149162,1.129223,1.109097,1.092346,1.014655,1.000528,0.993925,0.988602,0.911871,0.895223,0.885925,0.876138,0.864606,0.855578,0.900935,0.960843,0.974422,0.996724,1.021200,0.997152,0.973091,1.020420,1.015501,1.065456,1.112073,1.229139,1.290866,1.349412,1.485106,1.617124,1.711304,1.774587,1.801319,1.810949,1.732135,1.629977,1.537334,1.478319,1.367352,1.279033,1.133131,0.989511,0.903027,0.760759,0.615978,0.407708,0.269952,0.138802,-0.095241,-0.266531,-0.438201,-0.620836,-0.588405,-0.599123,-0.489613,-0.469060,-0.443963,-0.400530,-0.369349,-0.354641,-0.252269,-0.162888,-0.156467,-0.298556,-0.346191,-0.405985,-0.467666,-0.527100,-0.583938,-0.598164,-0.666511,-0.727331,-0.732831,-0.794962,-0.804487,-0.873889,-0.913193,-1.029641,-1.030022,-1.112690,-1.131689,-1.146009
1.801595,1.718825,1.690133,1.606090,1.429676,1.235301,1.037882,0.462920,-0.048524,-0.472711,-0.656567,-0.911169,-1.138987,-1.134905,-0.764869,-0.257625,0.261614,0.564369,0.871969,1.028178,1.033366,1.072686,1.107558,1.065292,1.120641,1.069293,1.031065,0.985130,0.938271,0.910594,0.818176,0.802068,0.737961,0.727868,0.715875,0.694010,0.677449,0.666549,0.657577,0.633953,0.613323,0.543881,0.533402,0.520005,0.508975,0.495475,0.547457,0.612680,0.686297,0.768673,0.802800,0.775446,0.753361,0.811297,0.859418,0.904261,1.018430,1.071942,1.197191,1.326866,1.452859,1.543351,1.606336,1.635526,1.649588,1.653930,1.554778,1.465196,1.407741,1.297134,1.207869,1.060090,0.914563,0.827263,0.682786,0.536009,0.407708,0.269952,0.138802,-0.095241,-0.266531,-0.438201,-0.507119,-0.588405,-0.599123,-0.633388,-0.619975,-0.735992,-0.666352,-0.605987,-0.568002,-0.446727,-0.426839,-0.478095,-0.521720,-0.555604,-0.605827,-0.723543,-0.776335,-0.885273,-0.949003,-1.011418,-1.011805,-1.073897,-1.078603,-1.092360,-1.167300,-1.219801,-1.288582,-1.307697,-1.338897,-1.295253,-1.233981
1.735662,1.718825,1.608919,1.512947,1.429676,1.235301,0.882724,0.289910,-0.219512,-0.624801,-0.913635,-1.246069,-1.353453,-1.245554,-0.879213,-0.497428,-0.247844,0.035720,0.228000,0.415576,0.466928,0.641280,0.601637,0.679807,0.659933,0.719171,0.702898,0.607803,0.592838,0.523330,0.454178,0.454974,0.402593,0.401100,0.393186,0.373364,0.354369,0.339173,0.326552,0.300452,0.275043,0.258844,0.247789,0.175405,0.162372,0.205861,0.252181,0.311229,0.375869,0.453013,0.543663,0.577801,0.553066,0.607093,0.653381,0.696450,0.807720,0.925992,1.044971,1.168626,1.288594,1.459375,1.522211,1.635526,1.649588,1.575725,1.554778,1.465196,1.407741,1.297134,1.207869,1.133131,0.989511,0.903027,0.760759,0.615978,0.490367,0.354958,0.138802,0.000000,-0.164864,-0.330112,-0.393401,-0.468785,-0.469488,-0.633388,-0.770889,-0.882007,-0.799263,-0.724307,-0.674682,-0.641185,-0.602806,-0.638909,-0.670495,-0.765016,-0.805669,-0.915450,-1.025571,-1.126341,-1.182895,-1.241357,-1.296279,-1.358119,-1.362244,-1.380233,-1.402029,-1.465087,-1.482788,-1.515953,-1.489701,-1.458817,-1.321952
1.669728,1.645767,1.608919,1.512947,1.318779,1.103962,0.727566,0.116899,-0.390500,-0.776890,-1.170704,-1.469336,-1.460685,-1.245554,-0.993557,-0.857131,-0.757303,-0.492929,-0.287175,-0.074506,0.127066,0.209873,0.298084,0.390694,0.383508,0.369048,0.292689,0.230475,0.178318,0.136066,0.150846,0.107880,0.123119,0.074332,0.070497,0.052719,0.085136,0.066360,0.050698,0.022534,-0.006857,-0.026193,-0.094947,-0.111762,-0.126463,-0.141676,-0.102149,0.009777,0.065441,0.137354,0.219741,0.248392,0.352771,0.334821,0.447343,0.557909,0.667247,0.780042,0.892751,1.089506,1.206461,1.375398,1.522211,1.552630,1.568908,1.575725,1.554778,1.537334,1.478319,1.437570,1.421361,1.352256,1.214354,1.054555,0.916704,0.775916,0.655684,0.439965,0.317434,0.190482,0.038468,-0.113932,-0.279684,-0.229543,-0.339853,-0.489613,-0.770889,-0.882007,-0.799263,-0.724307,-0.674682,-0.738413,-0.778773,-0.799722,-0.819271,-0.904625,-1.005511,-1.107357,-1.212498,-1.307142,-1.416788,-1.471295,-1.523858,-1.585497,-1.645885,-1.668105,-1.636758,-1.710373,-1.676993,-1.724209,-1.640505,-1.540600,-1.321952
1.537860,1.572710,1.527705,1.419804,1.207881,0.972622,0.572408,-0.056112,-0.561488,-0.928980,-1.427772,-1.580969,-1.567918,-1.356203,-1.222245,-1.216835,-1.139396,-0.889416,-0.544763,-0.442067,-0.212797,-0.113681,-0.005469,0.005209,0.014942,0.018926,-0.035478,-0.146852,-0.167115,-0.251198,-0.213152,-0.239213,-0.212249,-0.197974,-0.198410,-0.214486,-0.184097,-0.206453,-0.225157,-0.255384,-0.288757,-0.311229,-0.323438,-0.341496,-0.357532,-0.373367,-0.338370,-0.291675,-0.244986,-0.178305,-0.104180,-0.015135,0.085712,0.130617,0.241305,0.419368,0.526774,0.634092,0.816641,1.010385,1.124328,1.291422,1.438086,1.469733,1.568908,1.575725,1.629977,1.609473,1.619474,1.648223,1.634854,1.644422,1.514144,1.433376,1.228594,1.095792,0.903660,0.694983,0.496065,0.380964,0.241801,0.102247,-0.052249,-0.109922,-0.210219,-0.345838,-0.619975,-0.735992,-0.799263,-0.724307,-0.781363,-0.835642,-0.778773,-0.799722,-0.893659,-0.974429,-1.138739,-1.299265,-1.399424,-1.487942,-1.592207,-1.643749,-1.694543,-1.756030,-1.816070,-1.840829,-1.871486,-1.894338,-1.871199,-1.863046,-1.791309,-1.622382,-1.409924
1.405993,1.426595,1.446491,1.326661,1.207881,0.841283,0.417249,-0.056112,-0.561488,-1.081069,-1.427772,-1.692602,-1.567918,-1.356203,-1.336589,-1.576538,-1.521490,-1.021578,-0.802351,-0.687108,-0.439372,-0.329384,-0.309022,-0.187533,-0.261483,-0.331197,-0.445686,-0.524179,-0.512548,-0.509374,-0.516484,-0.470609,-0.435827,-0.415819,-0.413536,-0.428249,-0.453330,-0.479267,-0.501011,-0.533302,-0.570657,-0.596266,-0.609051,-0.628663,-0.646367,-0.662981,-0.633645,-0.593127,-0.493328,-0.430832,-0.363317,-0.278662,-0.181348,-0.005519,0.172626,0.280827,0.386301,0.561118,0.664421,0.852145,1.042196,1.123469,1.269836,1.303940,1.407547,1.497520,1.479580,1.537334,1.548896,1.578006,1.634854,1.717464,1.664039,1.660669,1.540484,1.415668,1.234295,1.035008,0.853329,0.666687,0.546800,0.426516,0.288904,0.248941,0.049051,-0.058287,-0.318145,-0.589978,-0.666352,-0.724307,-0.781363,-0.835642,-0.866757,-0.880129,-0.968047,-1.114037,-1.271967,-1.427203,-1.524042,-1.608476,-1.709153,-1.758718,-1.865227,-1.926563,-1.986255,-2.013552,-2.047533,-2.016981,-2.000670,-1.932465,-1.791309,-1.622382,-1.321952
1.208192,1.280480,1.284062,1.233518,0.986087,0.709943,0.262091,-0.056112,-0.561488,-1.081069,-1.427772,-1.580969,-1.460685,-1.356203,-1.565277,-1.816341,-1.521490,-1.021578,-0.802351,-0.687108,-0.665947,-0.545088,-0.410207,-0.476647,-0.537908,-0.593789,-0.691811,-0.750575,-0.719808,-0.703007,-0.637816,-0.644156,-0.603511,-0.579203,-0.574881,-0.588572,-0.668717,-0.697517,-0.721695,-0.755636,-0.796177,-0.824295,-0.837541,-0.858397,-0.877435,-0.894673,-0.869866,-0.834288,-0.803756,-0.683359,-0.557670,-0.476307,-0.314878,-0.141655,0.035268,0.142285,0.245828,0.415168,0.512200,0.693905,0.713666,0.871540,0.933335,1.055250,1.084825,1.184700,1.253985,1.248779,1.337163,1.367352,1.421361,1.498339,1.514144,1.584905,1.540484,1.495637,1.399612,1.290027,1.210593,1.047651,0.851799,0.750785,0.630057,0.488183,0.437955,0.229263,-0.016315,-0.297949,-0.400530,-0.605987,-0.674682,-0.738413,-0.778773,-0.880129,-1.042434,-1.183842,-1.405195,-1.555141,-1.648660,-1.729010,-1.826099,-1.873688,-1.922122,-1.983407,-2.042983,-2.071127,-2.106215,-2.078302,-2.000670,-1.932465,-1.715907,-1.458817,-1.058037
1.010390,1.061308,1.121634,1.047231,0.875190,0.578604,0.262091,-0.229122,-0.561488,-0.928980,-1.299238,-1.469336,-1.460685,-1.356203,-1.679621,-1.696439,-1.394125,-0.889416,-0.802351,-0.687108,-0.665947,-0.652939,-0.612575,-0.573018,-0.722191,-0.856381,-0.937936,-0.901506,-0.857981,-0.767551,-0.759149,-0.702005,-0.659406,-0.688126,-0.736225,-0.802336,-0.884103,-0.915768,-0.997549,-1.033554,-1.078077,-1.052325,-1.066032,-1.088130,-1.108504,-1.126364,-1.106086,-1.075449,-0.990012,-0.872755,-0.752023,-0.608071,-0.448408,-0.277791,-0.170770,0.003744,0.105355,0.196243,0.283870,0.377424,0.385135,0.451657,0.596834,0.640768,0.762103,0.871880,0.877993,0.960225,0.984274,1.086480,1.136705,1.206173,1.289301,1.357612,1.384539,1.415668,1.482271,1.460039,1.389225,1.333374,1.258465,1.183144,1.084927,0.966666,0.826860,0.660589,0.285515,-0.005920,-0.267618,-0.369349,-0.568002,-0.641185,-0.778773,-0.880129,-1.042434,-1.253646,-1.471809,-1.619110,-1.710969,-1.789277,-1.826099,-1.931172,-1.979017,-1.983407,-2.042983,-2.013552,-1.988851,-1.955659,-1.871199,-1.654790,-1.414299,-0.968124,-0.530207
0.812589,0.842135,0.877991,0.860945,0.764292,0.447264,0.106933,-0.229122,-0.561488,-0.928980,-1.170704,-1.246069,-1.246220,-1.356203,-1.565277,-1.456637,-1.139396,-0.757254,-0.544763,-0.687108,-0.665947,-0.652939,-0.612575,-0.765760,-0.814333,-0.943912,-1.019978,-0.976971,-0.927067,-0.832095,-0.819815,-0.817703,-0.827090,-0.851510,-0.897570,-1.016100,-1.099490,-1.134018,-1.218233,-1.255888,-1.303598,-1.337361,-1.294522,-1.317864,-1.339572,-1.358055,-1.283252,-1.196030,-1.114183,-0.999018,-0.881591,-0.739834,-0.648702,-0.481995,-0.376808,-0.273338,-0.175591,-0.095656,-0.020570,0.060944,0.138737,0.199728,0.260333,0.392078,0.520062,0.559060,0.652397,0.743809,0.843119,0.875826,0.923212,1.060090,1.139406,1.206084,1.306567,1.335699,1.399612,1.460039,1.478540,1.523856,1.563464,1.507413,1.426080,1.325529,1.215764,1.091915,0.738259,0.432124,0.131115,-0.132710,-0.354641,-0.543956,-0.690790,-0.880129,-1.042434,-1.253646,-1.471809,-1.555141,-1.648660,-1.729010,-1.767626,-1.816203,-1.808332,-1.812874,-1.759342,-1.725680,-1.695440,-1.587730,-1.418052,-1.168860,-0.811082,-0.395649,-0.002378
0.614788,0.622963,0.634349,0.674659,0.542498,0.315925,0.106933,-0.056112,-0.390500,-0.624801,-0.913635,-0.911169,-1.031754,-1.134905,-1.222245,-1.096934,-0.757303,-0.360767,-0.287175,-0.442067,-0.552659,-0.652939,-0.713760,-0.765760,-0.906474,-1.031442,-1.102020,-1.052437,-0.996154,-0.961183,-0.941148,-0.933401,-0.994774,-1.069355,-1.166477,-1.229863,-1.314876,-1.352269,-1.438916,-1.478223,-1.529118,-1.508383,-1.523013,-1.547598,-1.512874,-1.473901,-1.401362,-1.316611,-1.238354,-1.125282,-1.011160,-0.871598,-0.782232,-0.686199,-0.582845,-0.481149,-0.456537,-0.387556,-0.325011,-0.176417,-0.107660,-0.052202,0.092083,0.226285,0.358701,0.480855,0.577199,0.671670,0.701963,0.805608,0.852048,0.914006,0.989511,1.054555,1.150622,1.255730,1.316953,1.460039,1.567856,1.619097,1.766797,1.831682,1.767233,1.804012,1.734303,1.523241,1.191004,0.870168,0.396937,0.103929,-0.247960,-0.446727,-0.602806,-0.799722,-1.042434,-1.183842,-1.338581,-1.491172,-1.524042,-1.548209,-1.533734,-1.528780,-1.466963,-1.414964,-1.362244,-1.322658,-1.225982,-1.097158,-0.900170,-0.682929,-0.358669,-0.068520,0.261537
0.416986,0.403791,0.390706,0.395229,0.320703,0.184585,0.106933,-0.056112,-0.219512,-0.472711,-0.528032,-0.576269,-0.602823,-0.692307,-0.764869,-0.617329,-0.247844,0.035720,-0.029588,-0.197026,-0.439372,-0.545088,-0.713760,-0.765760,-0.906474,-1.031442,-1.102020,-1.127902,-1.065241,-1.090271,-1.123147,-1.164796,-1.218353,-1.287200,-1.381603,-1.443627,-1.530263,-1.570520,-1.604429,-1.644973,-1.698258,-1.679405,-1.694381,-1.662464,-1.570641,-1.531824,-1.401362,-1.316611,-1.300440,-1.188414,-1.140728,-1.069243,-0.982527,-0.890403,-0.788883,-0.688961,-0.597010,-0.533505,-0.401121,-0.334657,-0.189793,-0.136178,0.007958,0.143389,0.278021,0.402650,0.502000,0.599531,0.631385,0.665173,0.780883,0.840965,0.914563,0.978791,1.072649,1.175761,1.316953,1.375033,1.567856,1.714338,1.868463,1.939772,1.994668,2.043254,1.993573,1.954566,1.643748,1.308212,0.795671,0.340568,-0.141280,-0.349498,-0.602806,-0.799722,-0.968047,-1.114037,-1.205353,-1.235296,-1.274806,-1.186608,-1.124422,-1.068903,-1.011805,-0.960209,-0.965147,-0.862062,-0.756525,-0.606586,-0.447023,-0.266417,-0.207865,-0.068520,0.085594
0.219185,0.184618,0.228278,0.208943,0.209806,0.053246,0.106933,0.116899,-0.048524,-0.016442,-0.142430,-0.129736,-0.066658,-0.139059,-0.193149,-0.017823,0.261614,0.432206,0.228000,0.048015,-0.212797,-0.437236,-0.612575,-0.765760,-0.906474,-1.118973,-1.184062,-1.203368,-1.272500,-1.283903,-1.365812,-1.396192,-1.497826,-1.505045,-1.596729,-1.657391,-1.691802,-1.734208,-1.769941,-1.811724,-1.811018,-1.793420,-1.694381,-1.605031,-1.570641,-1.473901,-1.401362,-1.316611,-1.300440,-1.251546,-1.205513,-1.135125,-1.049292,-0.958471,-0.857562,-0.758232,-0.597010,-0.533505,-0.477231,-0.413777,-0.271925,-0.220155,-0.076167,0.060492,0.197340,0.324445,0.426802,0.527392,0.560807,0.665173,0.709719,0.767923,0.839616,0.903027,0.994677,1.095792,1.234295,1.375033,1.567856,1.714338,1.868463,2.047861,2.108385,2.162875,2.252842,2.242117,1.945578,1.600241,1.061493,0.458888,-0.034599,-0.252269,-0.514822,-0.719315,-0.819271,-0.904625,-0.938897,-0.915450,-0.838644,-0.764739,-0.598164,-0.494057,-0.442857,-0.448610,-0.397864,-0.343891,-0.287067,-0.177335,-0.123347,-0.196999,-0.207865,-0.232085,-0.178321
0.021384,0.038503,-0.015365,0.022656,-0.011989,0.053246,0.106933,0.116899,0.293453,0.287737,0.371707,0.428431,0.469506,0.524837,0.492915,0.581683,0.771072,0.828693,0.614381,0.293056,-0.099509,-0.329384,-0.612575,-0.765760,-0.906474,-1.118973,-1.266103,-1.354298,-1.410674,-1.542079,-1.608478,-1.627588,-1.721405,-1.722891,-1.758074,-1.817713,-1.853342,-1.843333,-1.880283,-1.811724,-1.754638,-1.679405,-1.580135,-1.490164,-1.397339,-1.358055,-1.283252,-1.256320,-1.238354,-1.188414,-1.205513,-1.135125,-1.049292,-0.958471,-0.788883,-0.688961,-0.667247,-0.606480,-0.553341,-0.492897,-0.354058,-0.220155,-0.160293,-0.022404,0.116660,0.246240,0.351604,0.455254,0.560807,0.665173,0.709719,0.767923,0.914563,0.978791,1.072649,1.095792,1.234295,1.375033,1.567856,1.714338,1.868463,2.047861,2.222103,2.282496,2.252842,2.242117,2.096493,1.600241,1.061493,0.577207,0.072081,-0.252269,-0.426839,-0.638909,-0.744883,-0.765016,-0.739055,-0.659574,-0.464791,-0.282603,-0.130379,0.023305,0.069196,0.119834,0.112690,0.116705,0.182391,0.129272,0.070859,-0.127580,-0.283267,-0.395649,-0.442236
-0.176417,-0.180669,-0.177793,-0.163630,-0.122886,-0.078094,0.106933,0.289910,0.635429,0.744006,0.885844,0.986597,1.005670,1.078085,1.178979,1.181188,1.280530,1.093017,0.871969,0.538096,0.127066,-0.221533,-0.511391,-0.669389,-0.906474,-1.118973,-1.348145,-1.505229,-1.617933,-1.735711,-1.790477,-1.858984,-1.889089,-1.886274,-1.919418,-1.924595,-1.907189,-1.843333,-1.769941,-1.700557,-1.585498,-1.451376,-1.351645,-1.260430,-1.166271,-1.126364,-1.106086,-1.075449,-1.052098,-1.062150,-1.075944,-1.003361,-0.915762,-0.822335,-0.720204,-0.688961,-0.667247,-0.606480,-0.629451,-0.492897,-0.354058,-0.220155,-0.160293,-0.022404,0.116660,0.246240,0.351604,0.455254,0.560807,0.665173,0.780883,0.914006,0.989511,1.054555,1.150622,1.255730,1.316953,1.460039,1.567856,1.714338,1.868463,2.047861,2.222103,2.282496,2.252842,2.242117,2.096493,1.746255,1.194404,0.695527,0.178762,-0.155041,-0.426839,-0.558502,-0.670495,-0.625408,-0.539213,-0.403697,-0.153246,0.078999,0.278933,0.368212,0.467460,0.517745,0.509788,0.462152,0.417119,0.374558,0.200329,-0.058162,-0.283267,-0.477431,-0.706151
-0.308285,-0.326784,-0.340222,-0.349916,-0.344681,-0.209433,-0.048225,0.462920,0.806418,1.200275,1.399981,1.433130,1.541835,1.631332,1.750699,1.780694,1.662624,1.357342,1.129557,0.660617,0.240353,-0.113681,-0.410207,-0.573018,-0.814333,-1.031442,-1.348145,-1.580695,-1.756107,-1.929343,-1.972476,-2.032531,-2.000878,-1.995197,-1.919418,-1.871154,-1.799496,-1.679645,-1.549258,-1.422639,-1.303598,-1.166339,-1.008909,-0.915830,-0.819668,-0.778827,-0.751756,-0.773998,-0.741670,-0.809623,-0.752023,-0.739834,-0.715467,-0.618131,-0.582845,-0.550420,-0.597010,-0.533505,-0.553341,-0.413777,-0.354058,-0.220155,-0.076167,-0.022404,0.035979,0.246240,0.351604,0.527392,0.631385,0.735390,0.923212,1.060090,1.214354,1.281848,1.384539,1.495637,1.564929,1.630052,1.746488,1.904820,1.970130,2.155951,2.222103,2.282496,2.252842,2.242117,2.247408,1.892270,1.327315,0.813846,0.392123,-0.057812,-0.338855,-0.478095,-0.596108,-0.555604,-0.405985,-0.211790,0.095989,0.320066,0.512825,0.598151,0.695039,0.745122,0.679972,0.634876,0.534484,0.435880,0.200329,0.011257,-0.283267,-0.559213,-0.794122
-0.506086,-0.545956,-0.502650,-0.536203,-0.455578,-0.340773,-0.048225,0.462920,1.148394,1.504454,1.785584,1.879664,1.970766,2.073930,2.093731,2.020497,1.789988,1.621666,1.258351,0.783137,0.466928,0.102022,-0.309022,-0.476647,-0.722191,-1.031442,-1.348145,-1.656160,-1.825193,-1.993887,-2.033142,-2.032531,-2.000878,-1.886274,-1.811855,-1.710831,-1.584109,-1.461394,-1.273403,-1.089138,-0.965317,-0.767288,-0.609051,-0.456363,-0.357532,-0.315445,-0.279315,-0.291675,-0.307072,-0.367700,-0.363317,-0.410426,-0.381643,-0.413927,-0.376808,-0.411879,-0.386301,-0.387556,-0.401121,-0.334657,-0.271925,-0.220155,-0.160293,-0.022404,0.116660,0.246240,0.426802,0.599531,0.701963,0.875826,0.994376,1.133131,1.289301,1.433376,1.540484,1.655575,1.812905,1.885070,2.014436,2.095302,2.173462,2.264041,2.335820,2.402117,2.382477,2.385892,2.247408,1.892270,1.593138,1.050485,0.498804,0.039417,-0.338855,-0.478095,-0.521720,-0.485800,-0.272757,-0.019882,0.158298,0.380333,0.512825,0.655635,0.695039,0.745122,0.679972,0.634876,0.534484,0.374558,0.200329,-0.058162,-0.283267,-0.640996,-0.882094
-0.637954,-0.692071,-0.665078,-0.629346,-0.566475,-0.340773,-0.048225,0.635931,1.148394,1.656544,1.914118,2.102930,2.185232,2.295228,2.208075,2.140398,1.917353,1.621666,1.258351,0.905658,0.580216,0.209873,-0.106654,-0.380275,-0.630050,-0.856381,-1.266103,-1.580695,-1.825193,-1.929343,-1.972476,-1.916833,-1.833194,-1.777352,-1.650511,-1.550509,-1.422569,-1.243144,-0.997549,-0.811220,-0.570657,-0.311229,-0.094947,0.060538,0.220140,0.263784,0.311236,0.311229,0.251698,0.200486,0.090173,0.050747,-0.047818,-0.073587,-0.102091,-0.134797,-0.175591,-0.168631,-0.248901,-0.255537,-0.189793,-0.136178,-0.076167,-0.022404,0.197340,0.324445,0.502000,0.671670,0.772541,0.875826,0.994376,1.133131,1.289301,1.357612,1.462512,1.655575,1.730247,1.885070,2.014436,2.190543,2.275129,2.372130,2.449538,2.402117,2.382477,2.385892,2.247408,1.892270,1.460226,1.050485,0.498804,0.039417,-0.338855,-0.478095,-0.521720,-0.415995,-0.206143,-0.019882,0.158298,0.320066,0.454352,0.540666,0.581250,0.574589,0.566516,0.519727,0.417119,0.313237,0.135594,-0.058162,-0.283267,-0.640996,-0.882094
-0.769821,-0.838186,-0.827507,-0.815632,-0.677373,-0.472112,-0.048225,0.635931,1.319382,1.808633,1.914118,1.991297,2.077999,2.184579,2.208075,2.140398,1.917353,1.621666,1.258351,0.905658,0.580216,0.317725,-0.005469,-0.283904,-0.445766,-0.768850,-1.102020,-1.429764,-1.687020,-1.735711,-1.790477,-1.743286,-1.665510,-1.559507,-1.489166,-1.390186,-1.207183,-1.024893,-0.776866,-0.477718,-0.232377,0.030815,0.304911,0.520005,0.682276,0.843012,0.960843,0.974422,0.996724,0.894936,0.802800,0.643683,0.486301,0.334821,0.241305,0.142285,0.105355,0.050293,-0.020570,-0.097296,-0.107660,-0.052202,0.007958,0.143389,0.358701,0.480855,0.577199,0.671670,0.772541,0.875826,0.923212,0.987048,1.139406,1.206084,1.306567,1.415668,1.564929,1.715058,1.835804,2.000061,2.173462,2.264041,2.335820,2.282496,2.252842,2.242117,1.945578,1.600241,1.327315,0.932165,0.498804,-0.057812,-0.338855,-0.558502,-0.521720,-0.346191,-0.072915,-0.019882,0.033680,0.139266,0.278933,0.368212,0.353670,0.347211,0.339603,0.347003,0.299755,0.190594,0.070859,-0.127580,-0.358669,-0.559213,-0.882094
-0.835755,-0.911244,-0.908721,-0.908775,-0.788270,-0.603452,-0.048225,0.462920,1.148394,1.656544,1.785584,1.879664,1.970766,2.073930,1.979387,1.900595,1.789988,1.489504,1.129557,0.905658,0.693503,0.425576,0.095715,-0.091162,-0.353625,-0.506258,-0.855895,-1.203368,-1.410674,-1.477535,-1.547811,-1.511890,-1.497826,-1.396123,-1.327822,-1.229863,-1.045643,-0.861205,-0.556182,-0.255384,-0.006857,0.315851,0.533402,0.749739,0.971112,1.190549,1.315173,1.456745,1.555494,1.589386,1.515427,1.434264,1.220715,1.015501,0.790739,0.627179,0.456537,0.342193,0.283870,0.219184,0.138737,0.199728,0.260333,0.392078,0.520062,0.559060,0.652397,0.671670,0.772541,0.805608,0.852048,0.914006,0.989511,1.054555,1.150622,1.255730,1.399612,1.460039,1.567856,1.619097,1.766797,1.831682,1.880950,1.923633,1.993573,1.810791,1.643748,1.308212,0.928582,0.695527,0.285442,-0.155041,-0.426839,-0.558502,-0.521720,-0.276387,-0.072915,-0.147821,-0.153246,-0.041535,0.045040,0.080789,0.126091,0.119834,0.169418,0.174280,0.123708,0.067951,-0.058612,-0.196999,-0.434072,-0.640996,-0.882094
-0.901689,-0.984301,-0.989935,-0.908775,-0.788270,-0.603452,-0.203383,0.462920,0.977406,1.504454,1.657049,1.656397,1.756300,1.852631,1.865043,1.660793,1.535259,1.357342,1.129557,1.028178,0.806791,0.641280,0.298084,0.005209,-0.169341,-0.331197,-0.527728,-0.901506,-1.134327,-1.219359,-1.244480,-1.280494,-1.274247,-1.232739,-1.166477,-1.069540,-0.884103,-0.642955,-0.335499,-0.088633,0.218663,0.486873,0.761892,0.979472,1.202180,1.364317,1.551394,1.697906,1.803836,1.968177,2.033701,2.027200,1.955129,1.764248,1.477531,1.181343,0.948193,0.780042,0.664421,0.535665,0.467268,0.535634,0.512709,0.557871,0.600742,0.637265,0.652397,0.671670,0.701963,0.735390,0.780883,0.840965,0.914563,0.978791,1.072649,1.175761,1.234295,1.290027,1.299909,1.333374,1.360131,1.399323,1.426080,1.445150,1.475034,1.379465,1.191004,0.870168,0.662760,0.340568,-0.034599,-0.349498,-0.514822,-0.638909,-0.447332,-0.206583,-0.139529,-0.275759,-0.277864,-0.222336,-0.188852,-0.149149,-0.158383,-0.107543,-0.057495,-0.056018,-0.052338,-0.177335,-0.252817,-0.405255,-0.509474,-0.640996,-0.882094
-0.967622,-0.984301,-0.989935,-0.908775,-0.788270,-0.603452,-0.203383,0.462920,0.977406,1.352364,1.528515,1.544764,1.649068,1.631332,1.522011,1.540892,1.407894,1.225180,1.129557,1.150699,1.033366,0.856983,0.601637,0.294323,0.014942,-0.068605,-0.281603,-0.524179,-0.788894,-0.896639,-1.001814,-1.049099,-1.050669,-1.014894,-0.951351,-0.855777,-0.668717,-0.424704,-0.114815,0.133701,0.387803,0.657895,0.876138,1.036906,1.259947,1.422240,1.551394,1.697906,1.865922,1.968177,2.098485,2.224845,2.288953,2.240724,2.095644,1.874049,1.580322,1.363841,1.197191,1.010385,0.877931,0.787563,0.765084,0.723664,0.681423,0.637265,0.652397,0.671670,0.701963,0.735390,0.852048,0.914006,0.989511,0.978791,1.072649,1.095792,1.151636,1.120014,1.121277,1.047651,1.055132,1.075054,0.971210,0.966666,0.956494,0.804364,0.738259,0.432124,0.264026,-0.014390,-0.247960,-0.543956,-0.690790,-0.638909,-0.447332,-0.276387,-0.339371,-0.403697,-0.402482,-0.403137,-0.422745,-0.379088,-0.329067,-0.278076,-0.284408,-0.228742,-0.287067,-0.361300,-0.447023,-0.544092,-0.660278,-0.722778,-0.882094
-0.967622,-0.984301,-0.989935,-0.908775,-0.788270,-0.472112,-0.048225,0.462920,0.977406,1.352364,1.528515,1.433130,1.434602,1.410033,1.407667,1.301090,1.280530,1.225180,1.258351,1.150699,1.033366,0.964834,0.804005,0.487065,0.291367,0.106456,0.046564,-0.146852,-0.374375,-0.573918,-0.698483,-0.759854,-0.771195,-0.742587,-0.682444,-0.535131,-0.345637,-0.097328,0.161039,0.356035,0.556943,0.714903,0.933260,1.094339,1.202180,1.364317,1.492339,1.637616,1.741750,1.841914,1.968917,2.093081,2.222189,2.308792,2.301682,2.220402,2.001741,1.874665,1.653852,1.405986,1.206461,1.039493,0.933335,0.806561,0.681423,0.637265,0.652397,0.671670,0.772541,0.805608,0.923212,0.914006,0.989511,0.978791,1.072649,1.095792,1.068978,1.035008,0.942645,0.857169,0.750133,0.642695,0.630057,0.488183,0.437955,0.229263,0.134600,-0.005920,-0.267618,-0.369349,-0.568002,-0.738413,-0.778773,-0.638909,-0.447332,-0.415995,-0.472599,-0.467666,-0.527100,-0.523671,-0.539691,-0.551542,-0.556646,-0.505454,-0.454592,-0.459040,-0.463114,-0.483943,-0.641229,-0.682929,-0.735680,-0.804560,-0.970066
-0.901689,-0.911244,-0.908721,-0.815632,-0.677373,-0.340773,-0.048225,0.462920,0.977406,1.200275,1.271447,1.321497,1.220136,1.188734,1.293323,1.301090,1.280530,1.225180,1.129557,1.028178,1.033366,0.964834,0.804005,0.679807,0.475650,0.369048,0.292689,0.155010,-0.028942,-0.186654,-0.334485,-0.412760,-0.491722,-0.470281,-0.359755,-0.214486,-0.022557,0.175485,0.381723,0.522786,0.669703,0.771910,0.933260,1.036906,1.144413,1.190549,1.315173,1.456745,1.555494,1.652518,1.709779,1.829554,1.955129,2.104588,2.164323,2.220402,2.212450,2.093590,1.958292,1.722467,1.452859,1.207446,1.017460,0.889457,0.681423,0.637265,0.652397,0.743809,0.772541,0.875826,0.923212,0.914006,0.914563,0.903027,0.916704,1.015823,0.986319,0.950002,0.853329,0.761928,0.546800,0.318426,0.175187,0.129320,-0.080584,-0.202063,-0.469060,-0.589978,-0.666352,-0.724307,-0.888043,-0.932871,-0.866757,-0.719315,-0.521720,-0.555604,-0.539213,-0.531635,-0.651717,-0.704472,-0.715110,-0.666511,-0.670436,-0.675987,-0.624777,-0.574189,-0.580478,-0.606586,-0.705964,-0.752348,-0.735680,-0.804560,-0.882094
-0.901689,-0.911244,-0.827507,-0.722489,-0.566475,-0.340773,0.106933,0.462920,0.977406,1.048185,1.142912,1.098230,1.112903,1.078085,1.178979,1.181188,1.153165,0.960855,0.871969,0.905658,0.920078,0.856983,0.804005,0.679807,0.567792,0.456579,0.456773,0.456872,0.385578,0.200610,0.029513,-0.123515,-0.156354,-0.143513,-0.037066,0.106160,0.246676,0.393736,0.547235,0.633953,0.726083,0.771910,0.876138,0.922039,0.971112,1.074703,1.138008,1.215584,1.307152,1.399991,1.515427,1.566027,1.688069,1.764248,1.889607,1.943319,2.071977,2.020615,2.034402,1.880707,1.617124,1.291422,1.101585,0.889457,0.681423,0.637265,0.727596,0.815947,0.843119,0.875826,0.852048,0.767923,0.689720,0.675735,0.760759,0.775916,0.821002,0.864996,0.853329,0.666687,0.445134,0.102247,-0.052249,-0.229543,-0.469488,-0.633388,-0.770889,-1.028021,-1.065085,-1.079265,-1.101404,-1.030100,-0.866757,-0.799722,-0.670495,-0.625408,-0.605827,-0.595604,-0.651717,-0.764739,-0.773583,-0.781480,-0.784226,-0.732831,-0.681505,-0.689338,-0.639160,-0.667907,-0.641229,-0.613511,-0.660278,-0.722778,-0.794122
-0.835755,-0.838186,-0.746293,-0.629346,-0.455578,-0.209433,0.106933,0.462920,0.806418,0.896096,0.885844,0.986597,1.112903,1.078085,1.178979,1.061287,0.898436,0.828693,0.743175,0.660617,0.693503,0.641280,0.601637,0.583436,0.567792,0.544109,0.620856,0.607803,0.661924,0.523330,0.393511,0.281427,0.179014,0.237716,0.285623,0.426805,0.515909,0.611987,0.657577,0.689537,0.726083,0.771910,0.761892,0.807172,0.855578,0.900935,0.960843,1.034713,1.120895,1.210595,1.256290,1.368382,1.421010,1.491976,1.546210,1.666237,1.720795,1.801690,1.806072,1.722467,1.534991,1.291422,1.017460,0.806561,0.681423,0.637265,0.727596,0.815947,0.843119,0.735390,0.638555,0.475757,0.389930,0.448442,0.526841,0.615978,0.655684,0.694983,0.674697,0.571446,0.343468,-0.005843,-0.279684,-0.588405,-0.728758,-0.920939,-1.072719,-1.320051,-1.330907,-1.315904,-1.314765,-1.127329,-0.954740,-0.799722,-0.670495,-0.695212,-0.605827,-0.595604,-0.651717,-0.704472,-0.715110,-0.723995,-0.727331,-0.675987,-0.624777,-0.574189,-0.580478,-0.483943,-0.447023,-0.405255,-0.358669,-0.477431,-0.618179
-0.835755,-0.765129,-0.746293,-0.629346,-0.455578,-0.209433,0.106933,0.289910,0.635429,0.744006,0.885844,0.986597,1.005670,0.967435,0.835947,0.701584,0.516343,0.564369,0.485588,0.538096,0.466928,0.425576,0.500452,0.487065,0.475650,0.544109,0.702898,0.758733,0.800097,0.781506,0.757509,0.628521,0.570277,0.564484,0.608312,0.640569,0.677449,0.721112,0.712748,0.745120,0.669703,0.657895,0.647647,0.634872,0.682276,0.727166,0.783677,0.853842,0.934639,1.021200,1.061937,1.104855,1.153950,1.219705,1.271494,1.319885,1.369612,1.436816,1.501632,1.405986,1.288594,1.039493,0.849210,0.723664,0.600742,0.637265,0.727596,0.743809,0.631385,0.524737,0.353898,0.256632,0.240035,0.296914,0.448869,0.456040,0.490367,0.524971,0.496065,0.476205,0.343468,-0.005843,-0.393401,-0.708026,-0.858392,-1.064714,-1.374549,-1.612080,-1.596730,-1.552543,-1.421446,-1.224557,-1.042724,-0.799722,-0.744883,-0.765016,-0.672441,-0.595604,-0.527100,-0.523671,-0.539691,-0.551542,-0.556646,-0.505454,-0.397864,-0.343891,-0.287067,-0.238657,-0.188082,-0.127580,-0.057061,-0.068520,-0.178321
-0.835755,-0.765129,-0.665078,-0.536203,-0.344681,-0.209433,0.106933,0.289910,0.635429,0.896096,1.014378,0.986597,0.898438,0.746136,0.492915,0.341880,0.261614,0.300044,0.356794,0.293056,0.240353,0.209873,0.298084,0.294323,0.383508,0.544109,0.620856,0.834199,0.869184,0.975138,0.939508,0.917766,0.849750,0.836790,0.823438,0.800892,0.785142,0.775675,0.767919,0.689537,0.613323,0.543881,0.476279,0.520005,0.566742,0.611321,0.665567,0.672971,0.748382,0.831804,0.867584,0.907210,0.953655,1.015501,0.996777,1.042802,1.088666,1.144916,1.121081,1.010385,0.877931,0.787563,0.596834,0.557871,0.600742,0.637265,0.652397,0.527392,0.419652,0.314083,0.211569,0.183591,0.165087,0.221149,0.292924,0.296102,0.325050,0.354958,0.317434,0.285723,0.241801,-0.005843,-0.393401,-0.708026,-0.988027,-1.208489,-1.525464,-1.758094,-1.862552,-1.789182,-1.634807,-1.321786,-1.042724,-0.799722,-0.819271,-0.765016,-0.672441,-0.531635,-0.464791,-0.403137,-0.422745,-0.379088,-0.329067,-0.278076,-0.170951,-0.113593,-0.052338,0.006629,0.070859,0.080676,0.169145,0.258609,0.261537
-0.835755,-0.765129,-0.665078,-0.536203,-0.455578,-0.340773,-0.048225,0.462920,0.977406,1.200275,0.885844,0.651697,0.576739,0.414188,0.264227,0.102078,0.134249,0.167882,0.099206,0.048015,0.127066,0.102022,0.095715,0.197952,0.291367,0.456579,0.620856,0.758733,0.869184,0.975138,1.000175,1.033464,1.017434,1.000174,0.931001,0.907773,0.838988,0.775675,0.712748,0.633953,0.500563,0.429866,0.362034,0.347705,0.451208,0.495475,0.488402,0.492100,0.562126,0.579277,0.673231,0.709564,0.753361,0.743229,0.790739,0.765720,0.807720,0.780042,0.740531,0.614785,0.467268,0.367681,0.344459,0.392078,0.520062,0.480855,0.426802,0.310976,0.137341,0.103429,0.069241,0.037508,0.015192,-0.006143,-0.018966,-0.023775,0.077074,0.099940,0.049486,0.095241,0.038468,-0.005843,-0.393401,-0.708026,-0.988027,-1.208489,-1.525464,-1.758094,-1.995463,-1.907502,-1.634807,-1.419015,-1.042724,-0.880129,-0.893659,-0.765016,-0.605827,-0.467666,-0.402482,-0.282603,-0.247325,-0.206634,-0.158383,-0.050699,-0.000767,0.059131,0.065026,0.067951,0.135594,0.150094,0.244547,0.340391,0.437481
-0.835755,-0.765129,-0.665078,-0.629346,-0.566475,-0.209433,0.262091,0.981952,1.148394,0.896096,0.500241,0.316797,0.255040,0.082239,-0.078805,-0.137724,-0.120480,-0.096443,-0.158382,-0.074506,-0.099509,-0.113681,-0.005469,0.101580,0.199225,0.369048,0.456773,0.683268,0.800097,0.910594,1.000175,1.033464,1.017434,1.000174,0.931001,0.854332,0.785142,0.721112,0.602406,0.522786,0.387803,0.258844,0.190666,0.232838,0.335674,0.379629,0.370292,0.371519,0.375869,0.389882,0.478878,0.511919,0.553066,0.539025,0.584701,0.557909,0.526774,0.415168,0.359980,0.140064,0.056605,0.031775,0.092083,0.226285,0.358701,0.324445,0.126008,0.022421,-0.074393,-0.107225,-0.144252,-0.181617,-0.209651,-0.233436,-0.252884,-0.263682,-0.253561,-0.155079,-0.129146,-0.095241,-0.063198,-0.113932,-0.279684,-0.708026,-0.988027,-1.208489,-1.525464,-1.758094,-1.862552,-1.907502,-1.634807,-1.321786,-1.042724,-0.960536,-0.819271,-0.695212,-0.539213,-0.403697,-0.277864,-0.162069,-0.130379,-0.091665,0.012302,0.062990,0.055962,0.001556,0.006344,0.006629,0.070859,0.150094,0.169145,0.340391,0.525452
-0.901689,-0.838186,-0.746293,-0.629346,-0.344681,0.184585,0.727566,1.154962,0.977406,0.439827,0.114639,0.093531,-0.066658,-0.249709,-0.307493,-0.497428,-0.502574,-0.492929,-0.415969,-0.442067,-0.326084,-0.221533,-0.106654,0.005209,0.107084,0.281517,0.374731,0.532337,0.661924,0.781506,0.878842,0.917766,0.961539,0.945713,0.877220,0.800892,0.731295,0.611987,0.492065,0.356035,0.218663,0.144829,0.133543,0.175405,0.277907,0.263784,0.252181,0.190648,0.251698,0.263618,0.284526,0.314274,0.352771,0.334821,0.309985,0.280827,0.245828,0.123268,-0.020570,-0.255537,-0.354058,-0.304131,-0.076167,0.143389,0.197340,0.089830,-0.099587,-0.266133,-0.286126,-0.317878,-0.286580,-0.327700,-0.284598,-0.233436,-0.252884,-0.263682,-0.336220,-0.325091,-0.307778,-0.190482,-0.164864,-0.222022,-0.279684,-0.588405,-0.858392,-1.064714,-1.374549,-1.612080,-1.729641,-1.670863,-1.421446,-1.127329,-0.954740,-0.880129,-0.744883,-0.625408,-0.405985,-0.275759,-0.153246,-0.101802,-0.013433,0.023305,0.012302,0.006145,-0.000767,-0.056018,-0.111020,-0.116014,-0.058612,0.011257,0.093743,0.176826,0.437481
-0.967622,-0.838186,-0.746293,-0.443059,0.098908,0.578604,0.882724,0.981952,0.464441,-0.168532,-0.270964,-0.241369,-0.281124,-0.471008,-0.536181,-0.737230,-0.884667,-0.889416,-0.802351,-0.687108,-0.552659,-0.437236,-0.207838,-0.091162,0.014942,0.193987,0.292689,0.456872,0.523751,0.652418,0.757509,0.802068,0.793855,0.782329,0.769657,0.694010,0.569755,0.448299,0.326552,0.189285,0.105903,0.087822,0.076421,0.117971,0.162372,0.147938,0.134071,0.130357,0.127527,0.137354,0.154957,0.182510,0.152477,0.198685,0.103947,0.073015,-0.035118,-0.241606,-0.401121,-0.572017,-0.682588,-0.388107,0.007958,0.060492,-0.044701,-0.222990,-0.325182,-0.482549,-0.427282,-0.458314,-0.428909,-0.400742,-0.359546,-0.309200,-0.252884,-0.263682,-0.336220,-0.325091,-0.397094,-0.380964,-0.266531,-0.222022,-0.279684,-0.468785,-0.728758,-0.920939,-1.223634,-1.320051,-1.463819,-1.434224,-1.208085,-0.835642,-0.690790,-0.638909,-0.521720,-0.415995,-0.339371,-0.147821,-0.090937,-0.041535,-0.013433,0.023305,0.012302,-0.050699,-0.114223,-0.171168,-0.169703,-0.177335,-0.123347,-0.127580,-0.057061,0.013262,0.173566
-0.901689,-0.692071,-0.340222,0.115800,0.542498,0.709943,0.727566,0.462920,-0.048524,-0.472711,-0.528032,-0.464636,-0.495590,-0.692307,-0.764869,-0.737230,-0.884667,-1.021578,-0.931145,-0.809628,-0.665947,-0.545088,-0.309022,-0.187533,0.014942,0.106456,0.210648,0.305941,0.385578,0.458786,0.514844,0.570672,0.626171,0.618945,0.554531,0.533687,0.408216,0.284611,0.161039,0.022534,-0.006857,0.030815,0.019298,0.060538,0.046838,0.032092,0.015961,0.009777,0.003356,0.011091,0.025388,0.050747,0.018947,-0.005519,-0.102091,-0.204067,-0.316064,-0.533505,-0.705561,-0.888498,-0.682588,-0.220155,0.007958,-0.105301,-0.367423,-0.457605,-0.625976,-0.626827,-0.639015,-0.598750,-0.571237,-0.546825,-0.509441,-0.460728,-0.486801,-0.583558,-0.584196,-0.495104,-0.397094,-0.380964,-0.368197,-0.330112,-0.279684,-0.349164,-0.469488,-0.777164,-0.921804,-1.028021,-1.197996,-1.079265,-0.781363,-0.543956,-0.426839,-0.397688,-0.372944,-0.346191,-0.206143,-0.147821,-0.090937,-0.041535,-0.013433,-0.034180,0.012302,-0.050699,-0.114223,-0.171168,-0.169703,-0.177335,-0.123347,-0.127580,-0.132463,-0.068520,-0.002378
-0.572020,-0.253727,0.147064,0.488372,0.653395,0.578604,0.417249,0.116899,-0.732477,-0.776890,-0.656567,-0.576269,-0.710055,-0.802956,-0.764869,-0.737230,-0.884667,-1.021578,-0.931145,-0.809628,-0.779234,-0.652939,-0.410207,-0.283904,-0.077200,0.018926,0.128606,0.230475,0.247405,0.265154,0.332845,0.397125,0.402593,0.401100,0.393186,0.319923,0.192829,0.066360,-0.004473,-0.088633,-0.063237,-0.026193,-0.037824,-0.054329,-0.068696,-0.083753,-0.102149,-0.050514,-0.058730,-0.052041,-0.039396,-0.081017,-0.114583,-0.209723,-0.308128,-0.481149,-0.597010,-0.825405,-1.010002,-0.967618,-0.354058,-0.052202,-0.160293,-0.519784,-0.690145,-0.770425,-0.776373,-0.771104,-0.780171,-0.739186,-0.713566,-0.692908,-0.659336,-0.688021,-0.720719,-0.823465,-0.997489,-0.835129,-0.665041,-0.476205,-0.469864,-0.438201,-0.279684,-0.229543,-0.339853,-0.489613,-0.619975,-0.735992,-0.799263,-0.724307,-0.461321,-0.349498,-0.250872,-0.236874,-0.224169,-0.206583,-0.206143,-0.083851,-0.028628,-0.041535,-0.013433,0.023305,0.012302,-0.050699,-0.057495,-0.113593,-0.111020,-0.116014,-0.123347,-0.127580,-0.132463,-0.068520,-0.002378
-0.044550,0.257676,0.471920,0.488372,0.431600,0.184585,-0.048225,-0.402133,-1.074453,-0.928980,-0.785101,-0.799536,-0.817288,-0.802956,-0.650525,-0.737230,-0.884667,-1.021578,-1.059939,-1.054669,-1.005810,-0.868642,-0.814944,-0.573018,-0.353625,-0.156136,-0.035478,0.004079,0.040145,0.071522,0.150846,0.165729,0.179014,0.183255,0.178060,0.106160,0.031289,-0.097328,-0.169986,-0.144217,-0.063237,-0.083200,-0.152070,-0.169196,-0.184230,-0.199599,-0.161205,-0.171094,-0.182901,-0.178305,-0.168964,-0.212780,-0.314878,-0.413927,-0.582845,-0.688961,-0.877957,-1.117304,-1.162222,-0.730257,-0.189793,-0.220155,-0.580919,-0.768473,-0.851506,-0.926835,-0.926770,-0.987520,-0.991904,-0.949840,-0.855894,-0.838991,-0.809231,-0.839549,-0.798692,-0.903434,-1.080148,-1.175154,-1.022305,-0.761928,-0.571530,-0.438201,-0.393401,-0.349164,-0.210219,-0.202063,-0.318145,-0.443963,-0.400530,-0.369349,-0.247960,-0.057812,-0.074905,0.004346,-0.075393,-0.136779,-0.139529,-0.019882,0.033680,0.078999,0.103513,0.138274,0.126091,0.062990,-0.000767,-0.056018,-0.111020,-0.177335,-0.123347,-0.127580,-0.057061,0.013262,0.085594
0.351053,0.476848,0.390706,0.302086,-0.011989,-0.340773,-0.513699,-0.748154,-1.416430,-1.081069,-1.042169,-0.911169,-0.817288,-0.802956,-0.650525,-0.737230,-1.012032,-1.153741,-1.188732,-1.299710,-1.345672,-1.300048,-1.219681,-0.958502,-0.722191,-0.418728,-0.281603,-0.222317,-0.167115,-0.122110,-0.091819,-0.065666,-0.044565,0.019871,0.016716,-0.054163,-0.130251,-0.206453,-0.225157,-0.199800,-0.119617,-0.140207,-0.266315,-0.341496,-0.357532,-0.315445,-0.279315,-0.291675,-0.307072,-0.304568,-0.298533,-0.344544,-0.448408,-0.618131,-0.788883,-0.966043,-1.158903,-1.263254,-1.162222,-0.572017,-0.436191,-0.640037,-0.917419,-1.017163,-1.012867,-1.083245,-1.077167,-1.131798,-1.133060,-1.090276,-0.998223,-0.985074,-0.959127,-0.915313,-0.798692,-0.823465,-0.832172,-1.090147,-1.200937,-1.047651,-0.774863,-0.546291,-0.393401,-0.349164,-0.210219,-0.058287,-0.016315,-0.005920,-0.134707,-0.014390,0.072081,0.136646,0.189046,0.165160,0.147770,0.002830,-0.006301,0.108056,0.158298,0.199533,0.278933,0.253243,0.182986,0.062990,-0.057495,-0.113593,-0.169703,-0.177335,-0.123347,-0.058162,0.093743,0.176826,0.261537
0.351053,0.330733,0.228278,-0.070487,-0.455578,-0.734791,-0.979173,-1.267186,-1.416430,-1.385249,-1.299238,-1.022802,-0.924521,-0.802956,-0.764869,-0.857131,-1.012032,-1.285903,-1.446320,-1.544751,-1.572247,-1.515752,-1.320866,-1.151245,-0.998616,-0.681320,-0.527728,-0.524179,-0.443461,-0.380286,-0.334485,-0.239213,-0.156354,-0.089052,-0.144629,-0.161045,-0.237944,-0.315579,-0.335499,-0.255384,-0.175997,-0.254222,-0.380560,-0.456363,-0.473066,-0.431290,-0.397425,-0.351965,-0.369157,-0.367700,-0.428101,-0.476307,-0.648702,-0.822335,-0.994921,-1.173855,-1.299376,-1.336229,-1.086112,-0.730257,-0.764721,-0.891966,-1.085670,-1.100059,-1.174228,-1.161450,-1.227564,-1.276075,-1.274215,-1.230711,-1.140551,-1.058116,-0.959127,-0.915313,-0.876664,-0.743496,-0.666854,-0.750122,-1.022305,-1.238133,-0.978195,-0.654381,-0.507119,-0.349164,-0.210219,-0.058287,0.134600,0.140095,0.264026,0.222249,0.285442,0.428332,0.365013,0.406381,0.296546,0.212243,0.193541,0.235994,0.282916,0.320066,0.278933,0.195758,0.069196,0.006145,-0.114223,-0.171168,-0.169703,-0.116014,-0.058612,0.080676,0.169145,0.258609,0.349509
0.219185,0.111561,-0.015365,-0.349916,-0.788270,-1.128810,-1.289490,-1.613207,-1.416430,-1.537338,-1.556306,-1.357702,-1.138987,-1.024255,-0.993557,-1.096934,-1.139396,-1.418065,-1.703908,-1.789792,-1.685535,-1.515752,-1.320866,-1.440358,-1.275041,-1.031442,-0.855895,-0.826041,-0.719808,-0.573918,-0.455817,-0.297062,-0.212249,-0.197974,-0.198410,-0.161045,-0.184097,-0.315579,-0.390669,-0.366551,-0.288757,-0.368237,-0.494805,-0.571230,-0.588600,-0.547136,-0.515535,-0.472546,-0.493328,-0.493964,-0.492886,-0.673953,-0.782232,-0.958471,-1.132279,-1.312396,-1.369612,-1.263254,-0.933892,-0.888498,-1.011119,-1.059919,-1.169795,-1.182956,-1.254908,-1.317860,-1.377961,-1.420353,-1.415371,-1.371147,-1.282880,-1.131157,-1.034074,-0.991077,-0.954637,-0.823465,-0.749513,-0.750122,-0.843673,-1.047651,-1.079862,-0.870560,-0.620836,-0.468785,-0.339853,-0.058287,0.134600,0.286110,0.396937,0.458888,0.605484,0.622790,0.628963,0.567194,0.519709,0.421655,0.393383,0.427902,0.345225,0.259799,0.161986,0.023305,-0.044593,-0.107543,-0.114223,-0.171168,-0.169703,-0.116014,-0.058612,0.011257,0.018341,0.095044,0.173566
0.087318,-0.034554,-0.259007,-0.536203,-1.010065,-1.260149,-1.599806,-1.786217,-1.587418,-1.689428,-1.684840,-1.580969,-1.460685,-1.356203,-1.336589,-1.336736,-1.521490,-1.814552,-1.961496,-1.912312,-1.912110,-1.731455,-1.725603,-1.729472,-1.551466,-1.469095,-1.266103,-0.976971,-0.857981,-0.638463,-0.455817,-0.297062,-0.268143,-0.361358,-0.305973,-0.214486,-0.130251,-0.261016,-0.390669,-0.422135,-0.457897,-0.482251,-0.609051,-0.686096,-0.704134,-0.720904,-0.692701,-0.653417,-0.555414,-0.557096,-0.622454,-0.739834,-0.915762,-1.094607,-1.269637,-1.381666,-1.439849,-1.263254,-1.010002,-1.125858,-1.257516,-1.227872,-1.169795,-1.265852,-1.335589,-1.396065,-1.453159,-1.492491,-1.556526,-1.511583,-1.354044,-1.204199,-1.109022,-1.066842,-1.032609,-0.983403,-0.914830,-0.920135,-0.843673,-0.857169,-0.978195,-0.870560,-0.734554,-0.468785,-0.339853,-0.202063,0.134600,0.432124,0.529848,0.577207,0.712165,0.817248,0.716947,0.728008,0.668485,0.631068,0.526611,0.427902,0.220607,0.078999,-0.071906,-0.091665,-0.101488,-0.164388,-0.170951,-0.228742,-0.169703,-0.177335,-0.188082,-0.196999,-0.207865,-0.150302,-0.090349
-0.044550,-0.107612,-0.421436,-0.722489,-1.010065,-1.391489,-1.754964,-1.959228,-1.758406,-1.993607,-1.813375,-1.804236,-1.782384,-1.688152,-1.565277,-1.696439,-1.903583,-2.211039,-2.219083,-2.157353,-2.138685,-2.162861,-2.130340,-2.018585,-2.012174,-1.819218,-1.430187,-1.052437,-0.788894,-0.509374,-0.395151,-0.354911,-0.435827,-0.524742,-0.521099,-0.374809,-0.237944,-0.261016,-0.445840,-0.533302,-0.570657,-0.653273,-0.723296,-0.743530,-0.819668,-0.836750,-0.810811,-0.773998,-0.679585,-0.683359,-0.752023,-0.871598,-1.049292,-1.230743,-1.338317,-1.450937,-1.439849,-1.263254,-1.162222,-1.363219,-1.503914,-1.395825,-1.253920,-1.265852,-1.335589,-1.474270,-1.528357,-1.564630,-1.627104,-1.652019,-1.496372,-1.277240,-1.183969,-1.218370,-1.188554,-1.223310,-1.162806,-1.175154,-1.111621,-0.952410,-0.876529,-0.870560,-0.734554,-0.588405,-0.339853,-0.202063,0.134600,0.286110,0.529848,0.695527,0.818845,0.817248,0.804930,0.808415,0.742873,0.631068,0.526611,0.299963,0.033680,-0.162069,-0.188852,-0.206634,-0.215278,-0.221232,-0.227680,-0.228742,-0.287067,-0.299978,-0.317553,-0.335836,-0.434072,-0.559213,-0.442236
-0.044550,-0.253727,-0.502650,-0.908775,-1.120962,-1.654168,-2.065280,-2.132238,-2.271371,-2.297786,-2.070443,-2.027502,-1.889617,-1.798801,-1.793965,-1.936242,-2.413042,-2.607525,-2.605465,-2.524914,-2.478547,-2.486416,-2.433893,-2.404070,-2.288599,-2.081810,-1.594270,-1.127902,-0.788894,-0.638463,-0.516484,-0.470609,-0.547617,-0.633665,-0.628662,-0.535131,-0.399484,-0.370141,-0.501011,-0.588885,-0.683417,-0.767288,-0.780419,-0.858397,-0.935203,-0.894673,-0.869866,-0.894578,-0.803756,-0.809623,-0.816807,-1.003361,-1.116057,-1.230743,-1.406996,-1.450937,-1.439849,-1.190279,-1.238332,-1.442339,-1.668179,-1.647755,-1.422170,-1.348749,-1.416269,-1.474270,-1.528357,-1.564630,-1.627104,-1.652019,-1.567537,-1.350282,-1.258917,-1.294134,-1.344499,-1.383248,-1.410782,-1.430172,-1.379569,-1.238133,-1.079862,-0.870560,-0.848272,-0.708026,-0.339853,-0.058287,0.285515,0.432124,0.529848,0.695527,0.818845,0.817248,0.804930,0.808415,0.742873,0.631068,0.459997,0.235994,-0.028628,-0.222336,-0.247325,-0.264118,-0.272172,-0.278076,-0.284408,-0.286317,-0.404431,-0.422621,-0.511759,-0.613511,-0.811082,-0.886342,-0.794122
